symbol,date,open,high,low,close,volume,adjusted
^GSPC,2015-01-02,2058.89990234375,2072.360107421875,2046.0400390625,2058.199951171875,2708700000,2058.199951171875
^GSPC,2015-01-05,2054.43994140625,2054.43994140625,2017.3399658203125,2020.5799560546875,3799120000,2020.5799560546875
^GSPC,2015-01-06,2022.1500244140625,2030.25,1992.43994140625,2002.6099853515625,4460110000,2002.6099853515625
^GSPC,2015-01-07,2005.550048828125,2029.6099853515625,2005.550048828125,2025.9000244140625,3805480000,2025.9000244140625
^GSPC,2015-01-08,2030.6099853515625,2064.080078125,2030.6099853515625,2062.139892578125,3934010000,2062.139892578125
^GSPC,2015-01-09,2063.449951171875,2064.429931640625,2038.3299560546875,2044.81005859375,3364140000,2044.81005859375
^GSPC,2015-01-12,2046.1300048828125,2049.300048828125,2022.5799560546875,2028.260009765625,3456460000,2028.260009765625
^GSPC,2015-01-13,2031.5799560546875,2056.929931640625,2008.25,2023.030029296875,4107300000,2023.030029296875
^GSPC,2015-01-14,2018.4000244140625,2018.4000244140625,1988.43994140625,2011.27001953125,4378680000,2011.27001953125
^GSPC,2015-01-15,2013.75,2021.3499755859375,1991.469970703125,1992.6700439453125,4276720000,1992.6700439453125
^GSPC,2015-01-16,1992.25,2020.4599609375,1988.1199951171875,2019.4200439453125,4056410000,2019.4200439453125
^GSPC,2015-01-20,2020.760009765625,2028.93994140625,2004.489990234375,2022.550048828125,3944340000,2022.550048828125
^GSPC,2015-01-21,2020.18994140625,2038.2900390625,2012.0400390625,2032.1199951171875,3730070000,2032.1199951171875
^GSPC,2015-01-22,2034.300048828125,2064.6201171875,2026.3800048828125,2063.14990234375,4176050000,2063.14990234375
^GSPC,2015-01-23,2062.97998046875,2062.97998046875,2050.5400390625,2051.820068359375,3573560000,2051.820068359375
^GSPC,2015-01-26,2050.419921875,2057.6201171875,2040.969970703125,2057.090087890625,3465760000,2057.090087890625
^GSPC,2015-01-27,2047.8599853515625,2047.8599853515625,2019.9100341796875,2029.550048828125,3329810000,2029.550048828125
^GSPC,2015-01-28,2032.3399658203125,2042.489990234375,2001.489990234375,2002.1600341796875,4067530000,2002.1600341796875
^GSPC,2015-01-29,2002.449951171875,2024.6400146484375,1989.1800537109375,2021.25,4127140000,2021.25
^GSPC,2015-01-30,2019.3499755859375,2023.3199462890625,1993.3800048828125,1994.989990234375,4568650000,1994.989990234375
^GSPC,2015-02-02,1996.6700439453125,2021.6600341796875,1980.9000244140625,2020.8499755859375,4008330000,2020.8499755859375
^GSPC,2015-02-03,2022.7099609375,2050.300048828125,2022.7099609375,2050.030029296875,4615900000,2050.030029296875
^GSPC,2015-02-04,2048.860107421875,2054.739990234375,2036.719970703125,2041.510009765625,4141920000,2041.510009765625
^GSPC,2015-02-05,2043.449951171875,2063.550048828125,2043.449951171875,2062.52001953125,3821990000,2062.52001953125
^GSPC,2015-02-06,2062.280029296875,2072.39990234375,2049.969970703125,2055.469970703125,4232970000,2055.469970703125
^GSPC,2015-02-09,2053.469970703125,2056.159912109375,2041.8800048828125,2046.739990234375,3549540000,2046.739990234375
^GSPC,2015-02-10,2049.3798828125,2070.860107421875,2048.6201171875,2068.590087890625,3669850000,2068.590087890625
^GSPC,2015-02-11,2068.550048828125,2073.47998046875,2057.989990234375,2068.530029296875,3596860000,2068.530029296875
^GSPC,2015-02-12,2069.97998046875,2088.530029296875,2069.97998046875,2088.47998046875,3788350000,2088.47998046875
^GSPC,2015-02-13,2088.780029296875,2097.030029296875,2086.699951171875,2096.989990234375,3527450000,2096.989990234375
^GSPC,2015-02-17,2096.469970703125,2101.300048828125,2089.800048828125,2100.340087890625,3361750000,2100.340087890625
^GSPC,2015-02-18,2099.159912109375,2100.22998046875,2092.14990234375,2099.679931640625,3370020000,2099.679931640625
^GSPC,2015-02-19,2099.25,2102.1298828125,2090.7900390625,2097.449951171875,3247100000,2097.449951171875
^GSPC,2015-02-20,2097.64990234375,2110.610107421875,2085.43994140625,2110.300048828125,3281600000,2110.300048828125
^GSPC,2015-02-23,2109.830078125,2110.050048828125,2103,2109.659912109375,3093680000,2109.659912109375
^GSPC,2015-02-24,2109.10009765625,2117.93994140625,2105.8701171875,2115.47998046875,3199840000,2115.47998046875
^GSPC,2015-02-25,2115.300048828125,2119.590087890625,2109.889892578125,2113.860107421875,3312340000,2113.860107421875
^GSPC,2015-02-26,2113.909912109375,2113.909912109375,2103.760009765625,2110.739990234375,3408690000,2110.739990234375
^GSPC,2015-02-27,2110.8798828125,2112.739990234375,2103.75,2104.5,3547380000,2104.5
^GSPC,2015-03-02,2105.22998046875,2117.52001953125,2104.5,2117.389892578125,3409490000,2117.389892578125
^GSPC,2015-03-03,2115.760009765625,2115.760009765625,2098.260009765625,2107.780029296875,3262300000,2107.780029296875
^GSPC,2015-03-04,2107.719970703125,2107.719970703125,2094.489990234375,2098.530029296875,3421110000,2098.530029296875
^GSPC,2015-03-05,2098.5400390625,2104.25,2095.219970703125,2101.0400390625,3103030000,2101.0400390625
^GSPC,2015-03-06,2100.909912109375,2100.909912109375,2067.27001953125,2071.260009765625,3853570000,2071.260009765625
^GSPC,2015-03-09,2072.25,2083.489990234375,2072.2099609375,2079.429931640625,3349090000,2079.429931640625
^GSPC,2015-03-10,2076.139892578125,2076.139892578125,2044.1600341796875,2044.1600341796875,3668900000,2044.1600341796875
^GSPC,2015-03-11,2044.68994140625,2050.080078125,2039.68994140625,2040.239990234375,3406570000,2040.239990234375
^GSPC,2015-03-12,2041.0999755859375,2066.409912109375,2041.0999755859375,2065.949951171875,3405860000,2065.949951171875
^GSPC,2015-03-13,2064.56005859375,2064.56005859375,2041.1700439453125,2053.39990234375,3498560000,2053.39990234375
^GSPC,2015-03-16,2055.35009765625,2081.409912109375,2055.35009765625,2081.18994140625,3295600000,2081.18994140625
^GSPC,2015-03-17,2080.590087890625,2080.590087890625,2065.080078125,2074.280029296875,3221840000,2074.280029296875
^GSPC,2015-03-18,2072.840087890625,2106.85009765625,2061.22998046875,2099.5,4128210000,2099.5
^GSPC,2015-03-19,2098.68994140625,2098.68994140625,2085.56005859375,2089.27001953125,3305220000,2089.27001953125
^GSPC,2015-03-20,2090.320068359375,2113.919921875,2090.320068359375,2108.10009765625,5554120000,2108.10009765625
^GSPC,2015-03-23,2107.989990234375,2114.860107421875,2104.419921875,2104.419921875,3267960000,2104.419921875
^GSPC,2015-03-24,2103.93994140625,2107.6298828125,2091.5,2091.5,3189820000,2091.5
^GSPC,2015-03-25,2093.10009765625,2097.429931640625,2061.050048828125,2061.050048828125,3521140000,2061.050048828125
^GSPC,2015-03-26,2059.93994140625,2067.14990234375,2045.5,2056.14990234375,3510670000,2056.14990234375
^GSPC,2015-03-27,2055.780029296875,2062.830078125,2052.9599609375,2061.02001953125,3008550000,2061.02001953125
^GSPC,2015-03-30,2064.110107421875,2088.969970703125,2064.110107421875,2086.239990234375,2917690000,2086.239990234375
^GSPC,2015-03-31,2084.050048828125,2084.050048828125,2067.0400390625,2067.889892578125,3376550000,2067.889892578125
^GSPC,2015-04-01,2067.6298828125,2067.6298828125,2048.3798828125,2059.68994140625,3543270000,2059.68994140625
^GSPC,2015-04-02,2060.030029296875,2072.169921875,2057.320068359375,2066.9599609375,3095960000,2066.9599609375
^GSPC,2015-04-06,2064.8701171875,2086.989990234375,2056.52001953125,2080.6201171875,3302970000,2080.6201171875
^GSPC,2015-04-07,2080.7900390625,2089.81005859375,2076.10009765625,2076.330078125,3065510000,2076.330078125
^GSPC,2015-04-08,2076.93994140625,2086.68994140625,2073.300048828125,2081.89990234375,3265330000,2081.89990234375
^GSPC,2015-04-09,2081.2900390625,2093.31005859375,2074.2900390625,2091.179931640625,3172360000,2091.179931640625
^GSPC,2015-04-10,2091.510009765625,2102.610107421875,2091.510009765625,2102.06005859375,3156200000,2102.06005859375
^GSPC,2015-04-13,2102.030029296875,2107.64990234375,2092.330078125,2092.429931640625,2908420000,2092.429931640625
^GSPC,2015-04-14,2092.280029296875,2098.6201171875,2083.239990234375,2095.840087890625,3301270000,2095.840087890625
^GSPC,2015-04-15,2097.820068359375,2111.909912109375,2097.820068359375,2106.6298828125,4013760000,2106.6298828125
^GSPC,2015-04-16,2105.9599609375,2111.300048828125,2100.02001953125,2104.989990234375,3434120000,2104.989990234375
^GSPC,2015-04-17,2102.580078125,2102.580078125,2072.3701171875,2081.179931640625,3627600000,2081.179931640625
^GSPC,2015-04-20,2084.110107421875,2103.93994140625,2084.110107421875,2100.39990234375,3000160000,2100.39990234375
^GSPC,2015-04-21,2102.820068359375,2109.639892578125,2094.3798828125,2097.2900390625,3243410000,2097.2900390625
^GSPC,2015-04-22,2098.27001953125,2109.97998046875,2091.050048828125,2107.9599609375,3348480000,2107.9599609375
^GSPC,2015-04-23,2107.2099609375,2120.489990234375,2103.18994140625,2112.929931640625,3636670000,2112.929931640625
^GSPC,2015-04-24,2112.800048828125,2120.919921875,2112.800048828125,2117.68994140625,3375780000,2117.68994140625
^GSPC,2015-04-27,2119.2900390625,2125.919921875,2107.0400390625,2108.919921875,3438750000,2108.919921875
^GSPC,2015-04-28,2108.35009765625,2116.0400390625,2094.889892578125,2114.760009765625,3546270000,2114.760009765625
^GSPC,2015-04-29,2112.489990234375,2113.64990234375,2097.409912109375,2106.85009765625,4074970000,2106.85009765625
^GSPC,2015-04-30,2105.52001953125,2105.52001953125,2077.590087890625,2085.510009765625,4509680000,2085.510009765625
^GSPC,2015-05-01,2087.3798828125,2108.409912109375,2087.3798828125,2108.2900390625,3379390000,2108.2900390625
^GSPC,2015-05-04,2110.22998046875,2120.949951171875,2110.22998046875,2114.489990234375,3091580000,2114.489990234375
^GSPC,2015-05-05,2112.6298828125,2115.239990234375,2088.4599609375,2089.4599609375,3793950000,2089.4599609375
^GSPC,2015-05-06,2091.260009765625,2098.419921875,2067.929931640625,2080.14990234375,3792210000,2080.14990234375
^GSPC,2015-05-07,2079.9599609375,2092.89990234375,2074.989990234375,2088,3676640000,2088
^GSPC,2015-05-08,2092.1298828125,2117.659912109375,2092.1298828125,2116.10009765625,3399440000,2116.10009765625
^GSPC,2015-05-11,2115.56005859375,2117.68994140625,2104.580078125,2105.330078125,2992670000,2105.330078125
^GSPC,2015-05-12,2102.8701171875,2105.06005859375,2085.570068359375,2099.1201171875,3139520000,2099.1201171875
^GSPC,2015-05-13,2099.6201171875,2110.18994140625,2096.0400390625,2098.47998046875,3374260000,2098.47998046875
^GSPC,2015-05-14,2100.429931640625,2121.449951171875,2100.429931640625,2121.10009765625,3225740000,2121.10009765625
^GSPC,2015-05-15,2122.070068359375,2123.889892578125,2116.81005859375,2122.72998046875,3092080000,2122.72998046875
^GSPC,2015-05-18,2121.300048828125,2131.780029296875,2120.010009765625,2129.199951171875,2888190000,2129.199951171875
^GSPC,2015-05-19,2129.449951171875,2133.02001953125,2124.5,2127.830078125,3296030000,2127.830078125
^GSPC,2015-05-20,2127.7900390625,2134.719970703125,2122.590087890625,2125.85009765625,3025880000,2125.85009765625
^GSPC,2015-05-21,2125.550048828125,2134.280029296875,2122.949951171875,2130.820068359375,3070460000,2130.820068359375
^GSPC,2015-05-22,2130.360107421875,2132.14990234375,2126.06005859375,2126.06005859375,2571860000,2126.06005859375
^GSPC,2015-05-26,2125.340087890625,2125.340087890625,2099.179931640625,2104.199951171875,3342130000,2104.199951171875
^GSPC,2015-05-27,2105.1298828125,2126.219970703125,2105.1298828125,2123.47998046875,3127960000,2123.47998046875
^GSPC,2015-05-28,2122.27001953125,2122.27001953125,2112.860107421875,2120.7900390625,2980350000,2120.7900390625
^GSPC,2015-05-29,2120.659912109375,2120.659912109375,2104.889892578125,2107.389892578125,3927390000,2107.389892578125
^GSPC,2015-06-01,2108.639892578125,2119.14990234375,2102.5400390625,2111.72998046875,3011710000,2111.72998046875
^GSPC,2015-06-02,2110.409912109375,2117.590087890625,2099.139892578125,2109.60009765625,3049350000,2109.60009765625
^GSPC,2015-06-03,2110.639892578125,2121.919921875,2109.610107421875,2114.070068359375,3099980000,2114.070068359375
^GSPC,2015-06-04,2112.35009765625,2112.889892578125,2093.22998046875,2095.840087890625,3200050000,2095.840087890625
^GSPC,2015-06-05,2095.090087890625,2100.989990234375,2085.669921875,2092.830078125,3243690000,2092.830078125
^GSPC,2015-06-08,2092.340087890625,2093.010009765625,2079.110107421875,2079.280029296875,2917150000,2079.280029296875
^GSPC,2015-06-09,2079.070068359375,2085.6201171875,2072.139892578125,2080.14990234375,3034580000,2080.14990234375
^GSPC,2015-06-10,2081.1201171875,2108.5,2081.1201171875,2105.199951171875,3414320000,2105.199951171875
^GSPC,2015-06-11,2106.239990234375,2115.02001953125,2106.239990234375,2108.860107421875,3128600000,2108.860107421875
^GSPC,2015-06-12,2107.429931640625,2107.429931640625,2091.330078125,2094.110107421875,2719400000,2094.110107421875
^GSPC,2015-06-15,2091.340087890625,2091.340087890625,2072.489990234375,2084.429931640625,3061570000,2084.429931640625
^GSPC,2015-06-16,2084.260009765625,2097.39990234375,2082.10009765625,2096.2900390625,2919900000,2096.2900390625
^GSPC,2015-06-17,2097.39990234375,2106.7900390625,2088.860107421875,2100.43994140625,3222240000,2100.43994140625
^GSPC,2015-06-18,2101.580078125,2126.64990234375,2101.580078125,2121.239990234375,3520360000,2121.239990234375
^GSPC,2015-06-19,2121.06005859375,2121.639892578125,2109.449951171875,2109.989990234375,4449810000,2109.989990234375
^GSPC,2015-06-22,2112.5,2129.8701171875,2112.5,2122.85009765625,3030020000,2122.85009765625
^GSPC,2015-06-23,2123.159912109375,2128.030029296875,2119.889892578125,2124.199951171875,3091190000,2124.199951171875
^GSPC,2015-06-24,2123.64990234375,2125.10009765625,2108.580078125,2108.580078125,3102480000,2108.580078125
^GSPC,2015-06-25,2109.9599609375,2116.0400390625,2101.780029296875,2102.31005859375,3214610000,2102.31005859375
^GSPC,2015-06-26,2102.6201171875,2108.919921875,2095.3798828125,2101.489990234375,5025470000,2101.489990234375
^GSPC,2015-06-29,2098.6298828125,2098.6298828125,2056.639892578125,2057.639892578125,3678960000,2057.639892578125
^GSPC,2015-06-30,2061.18994140625,2074.280029296875,2056.320068359375,2063.110107421875,4078540000,2063.110107421875
^GSPC,2015-07-01,2067,2082.780029296875,2067,2077.419921875,3727260000,2077.419921875
^GSPC,2015-07-02,2078.030029296875,2085.06005859375,2071.02001953125,2076.780029296875,2996540000,2076.780029296875
^GSPC,2015-07-06,2073.949951171875,2078.610107421875,2058.39990234375,2068.760009765625,3486360000,2068.760009765625
^GSPC,2015-07-07,2069.52001953125,2083.739990234375,2044.02001953125,2081.340087890625,4458660000,2081.340087890625
^GSPC,2015-07-08,2077.659912109375,2077.659912109375,2044.6600341796875,2046.6800537109375,3608780000,2046.6800537109375
^GSPC,2015-07-09,2049.72998046875,2074.280029296875,2049.72998046875,2051.31005859375,3446810000,2051.31005859375
^GSPC,2015-07-10,2052.739990234375,2081.31005859375,2052.739990234375,2076.6201171875,3065070000,2076.6201171875
^GSPC,2015-07-13,2080.030029296875,2100.669921875,2080.030029296875,2099.60009765625,3096730000,2099.60009765625
^GSPC,2015-07-14,2099.719970703125,2111.97998046875,2098.179931640625,2108.949951171875,3002120000,2108.949951171875
^GSPC,2015-07-15,2109.010009765625,2114.139892578125,2102.489990234375,2107.39990234375,3261810000,2107.39990234375
^GSPC,2015-07-16,2110.550048828125,2124.419921875,2110.550048828125,2124.2900390625,3227080000,2124.2900390625
^GSPC,2015-07-17,2126.800048828125,2128.909912109375,2119.8798828125,2126.639892578125,3362750000,2126.639892578125
^GSPC,2015-07-20,2126.85009765625,2132.820068359375,2123.659912109375,2128.280029296875,3245870000,2128.280029296875
^GSPC,2015-07-21,2127.550048828125,2128.489990234375,2115.39990234375,2119.2099609375,3343690000,2119.2099609375
^GSPC,2015-07-22,2118.2099609375,2118.510009765625,2110,2114.14990234375,3694070000,2114.14990234375
^GSPC,2015-07-23,2114.159912109375,2116.8701171875,2098.6298828125,2102.14990234375,3772810000,2102.14990234375
^GSPC,2015-07-24,2102.239990234375,2106.010009765625,2077.090087890625,2079.64990234375,3870040000,2079.64990234375
^GSPC,2015-07-27,2078.18994140625,2078.18994140625,2063.52001953125,2067.639892578125,3836750000,2067.639892578125
^GSPC,2015-07-28,2070.75,2095.60009765625,2069.090087890625,2093.25,4117740000,2093.25
^GSPC,2015-07-29,2094.699951171875,2110.60009765625,2094.080078125,2108.570068359375,4038900000,2108.570068359375
^GSPC,2015-07-30,2106.780029296875,2110.47998046875,2094.969970703125,2108.6298828125,3579410000,2108.6298828125
^GSPC,2015-07-31,2111.60009765625,2114.239990234375,2102.070068359375,2103.840087890625,3681340000,2103.840087890625
^GSPC,2015-08-03,2104.489990234375,2105.699951171875,2087.31005859375,2098.0400390625,3476770000,2098.0400390625
^GSPC,2015-08-04,2097.679931640625,2102.510009765625,2088.60009765625,2093.320068359375,3546710000,2093.320068359375
^GSPC,2015-08-05,2095.27001953125,2112.659912109375,2095.27001953125,2099.840087890625,3968680000,2099.840087890625
^GSPC,2015-08-06,2100.75,2103.320068359375,2075.530029296875,2083.56005859375,4246570000,2083.56005859375
^GSPC,2015-08-07,2082.610107421875,2082.610107421875,2067.909912109375,2077.570068359375,3602320000,2077.570068359375
^GSPC,2015-08-10,2080.97998046875,2105.35009765625,2080.97998046875,2104.179931640625,3514460000,2104.179931640625
^GSPC,2015-08-11,2102.659912109375,2102.659912109375,2076.489990234375,2084.070068359375,3708880000,2084.070068359375
^GSPC,2015-08-12,2081.10009765625,2089.06005859375,2052.090087890625,2086.050048828125,4269130000,2086.050048828125
^GSPC,2015-08-13,2086.18994140625,2092.929931640625,2078.260009765625,2083.389892578125,3221300000,2083.389892578125
^GSPC,2015-08-14,2083.14990234375,2092.449951171875,2080.610107421875,2091.5400390625,2795590000,2091.5400390625
^GSPC,2015-08-17,2089.699951171875,2102.8701171875,2079.300048828125,2102.43994140625,2867690000,2102.43994140625
^GSPC,2015-08-18,2101.989990234375,2103.469970703125,2094.139892578125,2096.919921875,2949990000,2096.919921875
^GSPC,2015-08-19,2095.68994140625,2096.169921875,2070.530029296875,2079.610107421875,3512920000,2079.610107421875
^GSPC,2015-08-20,2076.610107421875,2076.610107421875,2035.72998046875,2035.72998046875,3922470000,2035.72998046875
^GSPC,2015-08-21,2034.0799560546875,2034.0799560546875,1970.8900146484375,1970.8900146484375,5018240000,1970.8900146484375
^GSPC,2015-08-24,1965.1500244140625,1965.1500244140625,1867.010009765625,1893.2099609375,6612690000,1893.2099609375
^GSPC,2015-08-25,1898.0799560546875,1948.0400390625,1867.0799560546875,1867.6099853515625,5183560000,1867.6099853515625
^GSPC,2015-08-26,1872.75,1943.0899658203125,1872.75,1940.510009765625,5338250000,1940.510009765625
^GSPC,2015-08-27,1942.77001953125,1989.5999755859375,1942.77001953125,1987.6600341796875,5006390000,1987.6600341796875
^GSPC,2015-08-28,1986.06005859375,1993.47998046875,1975.18994140625,1988.8699951171875,3949080000,1988.8699951171875
^GSPC,2015-08-31,1986.72998046875,1986.72998046875,1965.97998046875,1972.1800537109375,3915100000,1972.1800537109375
^GSPC,2015-09-01,1970.0899658203125,1970.0899658203125,1903.0699462890625,1913.8499755859375,4371850000,1913.8499755859375
^GSPC,2015-09-02,1916.52001953125,1948.9100341796875,1916.52001953125,1948.8599853515625,3742620000,1948.8599853515625
^GSPC,2015-09-03,1950.7900390625,1975.010009765625,1944.719970703125,1951.1300048828125,3520700000,1951.1300048828125
^GSPC,2015-09-04,1947.760009765625,1947.760009765625,1911.2099609375,1921.219970703125,3167090000,1921.219970703125
^GSPC,2015-09-08,1927.300048828125,1970.4200439453125,1927.300048828125,1969.4100341796875,3548650000,1969.4100341796875
^GSPC,2015-09-09,1971.449951171875,1988.6300048828125,1937.8800048828125,1942.0400390625,3652120000,1942.0400390625
^GSPC,2015-09-10,1941.5899658203125,1965.2900390625,1937.18994140625,1952.2900390625,3626320000,1952.2900390625
^GSPC,2015-09-11,1951.449951171875,1961.050048828125,1939.18994140625,1961.050048828125,3218590000,1961.050048828125
^GSPC,2015-09-14,1963.06005859375,1963.06005859375,1948.27001953125,1953.030029296875,3000200000,1953.030029296875
^GSPC,2015-09-15,1955.0999755859375,1983.18994140625,1954.300048828125,1978.0899658203125,3239860000,1978.0899658203125
^GSPC,2015-09-16,1978.02001953125,1997.260009765625,1977.9300537109375,1995.31005859375,3630680000,1995.31005859375
^GSPC,2015-09-17,1995.3299560546875,2020.8599853515625,1986.72998046875,1990.199951171875,4183790000,1990.199951171875
^GSPC,2015-09-18,1989.6600341796875,1989.6600341796875,1953.449951171875,1958.030029296875,6021240000,1958.030029296875
^GSPC,2015-09-21,1960.8399658203125,1979.6400146484375,1955.800048828125,1966.969970703125,3269350000,1966.969970703125
^GSPC,2015-09-22,1961.3900146484375,1961.3900146484375,1929.219970703125,1942.739990234375,3808260000,1942.739990234375
^GSPC,2015-09-23,1943.239990234375,1949.52001953125,1932.5699462890625,1938.760009765625,3190530000,1938.760009765625
^GSPC,2015-09-24,1934.81005859375,1937.1700439453125,1908.9200439453125,1932.239990234375,4091530000,1932.239990234375
^GSPC,2015-09-25,1935.9300537109375,1952.8900146484375,1921.5,1931.3399658203125,3721870000,1931.3399658203125
^GSPC,2015-09-28,1929.1800537109375,1929.1800537109375,1879.2099609375,1881.77001953125,4326660000,1881.77001953125
^GSPC,2015-09-29,1881.9000244140625,1899.47998046875,1871.9100341796875,1884.0899658203125,4132390000,1884.0899658203125
^GSPC,2015-09-30,1887.1400146484375,1920.530029296875,1887.1400146484375,1920.030029296875,4525070000,1920.030029296875
^GSPC,2015-10-01,1919.6500244140625,1927.2099609375,1900.699951171875,1923.8199462890625,3983600000,1923.8199462890625
^GSPC,2015-10-02,1921.77001953125,1951.3599853515625,1893.699951171875,1951.3599853515625,4378570000,1951.3599853515625
^GSPC,2015-10-05,1954.3299560546875,1989.1700439453125,1954.3299560546875,1987.050048828125,4334490000,1987.050048828125
^GSPC,2015-10-06,1986.6300048828125,1991.6199951171875,1971.989990234375,1979.9200439453125,4202400000,1979.9200439453125
^GSPC,2015-10-07,1982.3399658203125,1999.31005859375,1976.43994140625,1995.8299560546875,4666470000,1995.8299560546875
^GSPC,2015-10-08,1994.010009765625,2016.5,1987.530029296875,2013.4300537109375,3939140000,2013.4300537109375
^GSPC,2015-10-09,2013.72998046875,2020.1300048828125,2007.6099853515625,2014.8900146484375,3706900000,2014.8900146484375
^GSPC,2015-10-12,2015.6500244140625,2018.6600341796875,2010.550048828125,2017.4599609375,2893250000,2017.4599609375
^GSPC,2015-10-13,2015,2022.3399658203125,2001.780029296875,2003.68994140625,3401920000,2003.68994140625
^GSPC,2015-10-14,2003.6600341796875,2009.56005859375,1990.72998046875,1994.239990234375,3644590000,1994.239990234375
^GSPC,2015-10-15,1996.469970703125,2024.1500244140625,1996.469970703125,2023.8599853515625,3746290000,2023.8599853515625
^GSPC,2015-10-16,2024.3699951171875,2033.5400390625,2020.4599609375,2033.1099853515625,3595430000,2033.1099853515625
^GSPC,2015-10-19,2031.72998046875,2034.449951171875,2022.31005859375,2033.6600341796875,3287320000,2033.6600341796875
^GSPC,2015-10-20,2033.1300048828125,2039.1199951171875,2026.6099853515625,2030.77001953125,3331500000,2030.77001953125
^GSPC,2015-10-21,2033.469970703125,2037.969970703125,2017.219970703125,2018.93994140625,3627790000,2018.93994140625
^GSPC,2015-10-22,2021.8800048828125,2055.199951171875,2021.8800048828125,2052.510009765625,4430850000,2052.510009765625
^GSPC,2015-10-23,2058.18994140625,2079.739990234375,2058.18994140625,2075.14990234375,4108460000,2075.14990234375
^GSPC,2015-10-26,2075.080078125,2075.139892578125,2066.530029296875,2071.179931640625,3385800000,2071.179931640625
^GSPC,2015-10-27,2068.75,2070.3701171875,2058.840087890625,2065.889892578125,4216880000,2065.889892578125
^GSPC,2015-10-28,2066.47998046875,2090.35009765625,2063.110107421875,2090.35009765625,4698110000,2090.35009765625
^GSPC,2015-10-29,2088.35009765625,2092.52001953125,2082.6298828125,2089.409912109375,4008940000,2089.409912109375
^GSPC,2015-10-30,2090,2094.320068359375,2079.340087890625,2079.360107421875,4256200000,2079.360107421875
^GSPC,2015-11-02,2080.760009765625,2106.199951171875,2080.760009765625,2104.050048828125,3760020000,2104.050048828125
^GSPC,2015-11-03,2102.6298828125,2116.47998046875,2097.510009765625,2109.7900390625,4272060000,2109.7900390625
^GSPC,2015-11-04,2110.60009765625,2114.590087890625,2096.97998046875,2102.31005859375,4078870000,2102.31005859375
^GSPC,2015-11-05,2101.679931640625,2108.780029296875,2090.409912109375,2099.929931640625,4051890000,2099.929931640625
^GSPC,2015-11-06,2098.60009765625,2101.909912109375,2083.739990234375,2099.199951171875,4369020000,2099.199951171875
^GSPC,2015-11-09,2096.56005859375,2096.56005859375,2068.239990234375,2078.580078125,3882350000,2078.580078125
^GSPC,2015-11-10,2077.18994140625,2083.669921875,2069.909912109375,2081.719970703125,3821440000,2081.719970703125
^GSPC,2015-11-11,2083.409912109375,2086.93994140625,2074.85009765625,2075,3692410000,2075
^GSPC,2015-11-12,2072.2900390625,2072.2900390625,2045.6600341796875,2045.969970703125,4016370000,2045.969970703125
^GSPC,2015-11-13,2044.6400146484375,2044.6400146484375,2022.02001953125,2023.0400390625,4278750000,2023.0400390625
^GSPC,2015-11-16,2022.0799560546875,2053.219970703125,2019.3900146484375,2053.18994140625,3741240000,2053.18994140625
^GSPC,2015-11-17,2053.669921875,2066.68994140625,2045.9000244140625,2050.43994140625,4427350000,2050.43994140625
^GSPC,2015-11-18,2051.989990234375,2085.31005859375,2051.989990234375,2083.580078125,3926390000,2083.580078125
^GSPC,2015-11-19,2083.699951171875,2086.739990234375,2078.760009765625,2081.239990234375,3628110000,2081.239990234375
^GSPC,2015-11-20,2082.820068359375,2097.06005859375,2082.820068359375,2089.169921875,3929600000,2089.169921875
^GSPC,2015-11-23,2089.409912109375,2095.610107421875,2081.389892578125,2086.590087890625,3587980000,2086.590087890625
^GSPC,2015-11-24,2084.419921875,2094.1201171875,2070.2900390625,2089.139892578125,3884930000,2089.139892578125
^GSPC,2015-11-25,2089.300048828125,2093,2086.300048828125,2088.8701171875,2852940000,2088.8701171875
^GSPC,2015-11-27,2088.820068359375,2093.2900390625,2084.1298828125,2090.110107421875,1466840000,2090.110107421875
^GSPC,2015-11-30,2090.949951171875,2093.81005859375,2080.409912109375,2080.409912109375,4275030000,2080.409912109375
^GSPC,2015-12-01,2082.929931640625,2103.3701171875,2082.929931640625,2102.6298828125,3712120000,2102.6298828125
^GSPC,2015-12-02,2101.7099609375,2104.27001953125,2077.110107421875,2079.510009765625,3950640000,2079.510009765625
^GSPC,2015-12-03,2080.7099609375,2085,2042.3499755859375,2049.6201171875,4306490000,2049.6201171875
^GSPC,2015-12-04,2051.239990234375,2093.840087890625,2051.239990234375,2091.68994140625,4214910000,2091.68994140625
^GSPC,2015-12-07,2090.419921875,2090.419921875,2066.780029296875,2077.070068359375,4043820000,2077.070068359375
^GSPC,2015-12-08,2073.389892578125,2073.85009765625,2052.320068359375,2063.590087890625,4173570000,2063.590087890625
^GSPC,2015-12-09,2061.169921875,2080.330078125,2036.530029296875,2047.6199951171875,4385250000,2047.6199951171875
^GSPC,2015-12-10,2047.9300537109375,2067.64990234375,2045.6700439453125,2052.22998046875,3715150000,2052.22998046875
^GSPC,2015-12-11,2047.27001953125,2047.27001953125,2008.800048828125,2012.3699951171875,4301060000,2012.3699951171875
^GSPC,2015-12-14,2013.3699951171875,2022.9200439453125,1993.260009765625,2021.93994140625,4612440000,2021.93994140625
^GSPC,2015-12-15,2025.550048828125,2053.8701171875,2025.550048828125,2043.4100341796875,4353540000,2043.4100341796875
^GSPC,2015-12-16,2046.5,2076.719970703125,2042.4300537109375,2073.070068359375,4635450000,2073.070068359375
^GSPC,2015-12-17,2073.760009765625,2076.3701171875,2041.6600341796875,2041.8900146484375,4327390000,2041.8900146484375
^GSPC,2015-12-18,2040.81005859375,2040.81005859375,2005.3299560546875,2005.550048828125,6683070000,2005.550048828125
^GSPC,2015-12-21,2010.27001953125,2022.9000244140625,2005.9300537109375,2021.1500244140625,3760280000,2021.1500244140625
^GSPC,2015-12-22,2023.1500244140625,2042.739990234375,2020.489990234375,2038.969970703125,3520860000,2038.969970703125
^GSPC,2015-12-23,2042.199951171875,2064.72998046875,2042.199951171875,2064.2900390625,3484090000,2064.2900390625
^GSPC,2015-12-24,2063.52001953125,2067.360107421875,2058.72998046875,2060.989990234375,1411860000,2060.989990234375
^GSPC,2015-12-28,2057.77001953125,2057.77001953125,2044.199951171875,2056.5,2492510000,2056.5
^GSPC,2015-12-29,2060.5400390625,2081.56005859375,2060.5400390625,2078.360107421875,2542000000,2078.360107421875
^GSPC,2015-12-30,2077.340087890625,2077.340087890625,2061.969970703125,2063.360107421875,2367430000,2063.360107421875
^GSPC,2015-12-31,2060.590087890625,2062.5400390625,2043.6199951171875,2043.93994140625,2655330000,2043.93994140625
^GSPC,2016-01-04,2038.199951171875,2038.199951171875,1989.6800537109375,2012.6600341796875,4304880000,2012.6600341796875
^GSPC,2016-01-05,2013.780029296875,2021.93994140625,2004.1700439453125,2016.7099609375,3706620000,2016.7099609375
^GSPC,2016-01-06,2011.7099609375,2011.7099609375,1979.050048828125,1990.260009765625,4336660000,1990.260009765625
^GSPC,2016-01-07,1985.3199462890625,1985.3199462890625,1938.8299560546875,1943.0899658203125,5076590000,1943.0899658203125
^GSPC,2016-01-08,1945.969970703125,1960.4000244140625,1918.4599609375,1922.030029296875,4664940000,1922.030029296875
^GSPC,2016-01-11,1926.1199951171875,1935.6500244140625,1901.0999755859375,1923.6700439453125,4607290000,1923.6700439453125
^GSPC,2016-01-12,1927.8299560546875,1947.3800048828125,1914.3499755859375,1938.6800537109375,4887260000,1938.6800537109375
^GSPC,2016-01-13,1940.3399658203125,1950.3299560546875,1886.4100341796875,1890.280029296875,5087030000,1890.280029296875
^GSPC,2016-01-14,1891.6800537109375,1934.469970703125,1878.9300537109375,1921.8399658203125,5241110000,1921.8399658203125
^GSPC,2016-01-15,1916.6800537109375,1916.6800537109375,1857.8299560546875,1880.3299560546875,5468460000,1880.3299560546875
^GSPC,2016-01-19,1888.6600341796875,1901.43994140625,1864.5999755859375,1881.3299560546875,4928350000,1881.3299560546875
^GSPC,2016-01-20,1876.1800537109375,1876.1800537109375,1812.2900390625,1859.3299560546875,6416070000,1859.3299560546875
^GSPC,2016-01-21,1861.4599609375,1889.8499755859375,1848.97998046875,1868.989990234375,5078810000,1868.989990234375
^GSPC,2016-01-22,1877.4000244140625,1908.8499755859375,1877.4000244140625,1906.9000244140625,4901760000,1906.9000244140625
^GSPC,2016-01-25,1906.280029296875,1906.280029296875,1875.969970703125,1877.0799560546875,4401380000,1877.0799560546875
^GSPC,2016-01-26,1878.7900390625,1906.72998046875,1878.7900390625,1903.6300048828125,4357940000,1903.6300048828125
^GSPC,2016-01-27,1902.52001953125,1916.989990234375,1872.699951171875,1882.949951171875,4754040000,1882.949951171875
^GSPC,2016-01-28,1885.219970703125,1902.9599609375,1873.6500244140625,1893.3599853515625,4693010000,1893.3599853515625
^GSPC,2016-01-29,1894,1940.239990234375,1894,1940.239990234375,5497570000,1940.239990234375
^GSPC,2016-02-01,1936.93994140625,1947.199951171875,1920.300048828125,1939.3800048828125,4322530000,1939.3800048828125
^GSPC,2016-02-02,1935.260009765625,1935.260009765625,1897.2900390625,1903.030029296875,4463190000,1903.030029296875
^GSPC,2016-02-03,1907.0699462890625,1918.010009765625,1872.22998046875,1912.530029296875,5172950000,1912.530029296875
^GSPC,2016-02-04,1911.6700439453125,1927.3499755859375,1900.52001953125,1915.449951171875,5193320000,1915.449951171875
^GSPC,2016-02-05,1913.0699462890625,1913.0699462890625,1872.6500244140625,1880.050048828125,4929940000,1880.050048828125
^GSPC,2016-02-08,1873.25,1873.25,1828.4599609375,1853.43994140625,5636460000,1853.43994140625
^GSPC,2016-02-09,1848.4599609375,1868.25,1834.93994140625,1852.2099609375,5183220000,1852.2099609375
^GSPC,2016-02-10,1857.0999755859375,1881.5999755859375,1850.3199462890625,1851.8599853515625,4471170000,1851.8599853515625
^GSPC,2016-02-11,1847,1847,1810.0999755859375,1829.0799560546875,5500800000,1829.0799560546875
^GSPC,2016-02-12,1833.4000244140625,1864.780029296875,1833.4000244140625,1864.780029296875,4696920000,1864.780029296875
^GSPC,2016-02-16,1871.43994140625,1895.77001953125,1871.43994140625,1895.5799560546875,4570670000,1895.5799560546875
^GSPC,2016-02-17,1898.800048828125,1930.6800537109375,1898.800048828125,1926.8199462890625,5011540000,1926.8199462890625
^GSPC,2016-02-18,1927.5699462890625,1930,1915.0899658203125,1917.8299560546875,4436490000,1917.8299560546875
^GSPC,2016-02-19,1916.739990234375,1918.780029296875,1902.1700439453125,1917.780029296875,4142850000,1917.780029296875
^GSPC,2016-02-22,1924.43994140625,1946.699951171875,1924.43994140625,1945.5,4054710000,1945.5
^GSPC,2016-02-23,1942.3800048828125,1942.3800048828125,1919.43994140625,1921.27001953125,3890650000,1921.27001953125
^GSPC,2016-02-24,1917.56005859375,1932.0799560546875,1891,1929.800048828125,4317250000,1929.800048828125
^GSPC,2016-02-25,1931.8699951171875,1951.8299560546875,1925.4100341796875,1951.699951171875,4118210000,1951.699951171875
^GSPC,2016-02-26,1954.949951171875,1962.9599609375,1945.780029296875,1948.050048828125,4348510000,1948.050048828125
^GSPC,2016-02-29,1947.1300048828125,1958.27001953125,1931.81005859375,1932.22998046875,4588180000,1932.22998046875
^GSPC,2016-03-01,1937.0899658203125,1978.3499755859375,1937.0899658203125,1978.3499755859375,4819750000,1978.3499755859375
^GSPC,2016-03-02,1976.5999755859375,1986.510009765625,1968.800048828125,1986.449951171875,4666610000,1986.449951171875
^GSPC,2016-03-03,1985.5999755859375,1993.68994140625,1977.3699951171875,1993.4000244140625,5081700000,1993.4000244140625
^GSPC,2016-03-04,1994.010009765625,2009.1300048828125,1986.77001953125,1999.989990234375,6049930000,1999.989990234375
^GSPC,2016-03-07,1996.1099853515625,2006.1199951171875,1989.3800048828125,2001.760009765625,4968180000,2001.760009765625
^GSPC,2016-03-08,1996.8800048828125,1996.8800048828125,1977.4300537109375,1979.260009765625,4641650000,1979.260009765625
^GSPC,2016-03-09,1981.43994140625,1992.68994140625,1979.8399658203125,1989.260009765625,4038120000,1989.260009765625
^GSPC,2016-03-10,1990.969970703125,2005.0799560546875,1969.25,1989.5699462890625,4376790000,1989.5699462890625
^GSPC,2016-03-11,1994.7099609375,2022.3699951171875,1994.7099609375,2022.18994140625,4078620000,2022.18994140625
^GSPC,2016-03-14,2019.27001953125,2024.5699462890625,2012.050048828125,2019.6400146484375,3487850000,2019.6400146484375
^GSPC,2016-03-15,2015.27001953125,2015.93994140625,2005.22998046875,2015.9300537109375,3560280000,2015.9300537109375
^GSPC,2016-03-16,2014.239990234375,2032.02001953125,2010.0400390625,2027.219970703125,4057020000,2027.219970703125
^GSPC,2016-03-17,2026.9000244140625,2046.239990234375,2022.1600341796875,2040.5899658203125,4530480000,2040.5899658203125
^GSPC,2016-03-18,2041.1600341796875,2052.360107421875,2041.1600341796875,2049.580078125,6503140000,2049.580078125
^GSPC,2016-03-21,2047.8800048828125,2053.909912109375,2043.1400146484375,2051.60009765625,3376600000,2051.60009765625
^GSPC,2016-03-22,2048.639892578125,2056.60009765625,2040.5699462890625,2049.800048828125,3418460000,2049.800048828125
^GSPC,2016-03-23,2048.550048828125,2048.550048828125,2034.8599853515625,2036.7099609375,3639510000,2036.7099609375
^GSPC,2016-03-24,2032.47998046875,2036.0400390625,2022.489990234375,2035.93994140625,3407720000,2035.93994140625
^GSPC,2016-03-28,2037.8900146484375,2042.6700439453125,2031.9599609375,2037.050048828125,2809090000,2037.050048828125
^GSPC,2016-03-29,2035.75,2055.909912109375,2028.31005859375,2055.010009765625,3822330000,2055.010009765625
^GSPC,2016-03-30,2058.27001953125,2072.2099609375,2058.27001953125,2063.949951171875,3590310000,2063.949951171875
^GSPC,2016-03-31,2063.77001953125,2067.919921875,2057.4599609375,2059.739990234375,3715280000,2059.739990234375
^GSPC,2016-04-01,2056.6201171875,2075.070068359375,2043.97998046875,2072.780029296875,3749990000,2072.780029296875
^GSPC,2016-04-04,2073.18994140625,2074.02001953125,2062.570068359375,2066.1298828125,3485710000,2066.1298828125
^GSPC,2016-04-05,2062.5,2062.5,2042.56005859375,2045.1700439453125,4154920000,2045.1700439453125
^GSPC,2016-04-06,2045.56005859375,2067.330078125,2043.0899658203125,2066.659912109375,3750800000,2066.659912109375
^GSPC,2016-04-07,2063.010009765625,2063.010009765625,2033.800048828125,2041.9100341796875,3801250000,2041.9100341796875
^GSPC,2016-04-08,2045.5400390625,2060.6298828125,2041.68994140625,2047.5999755859375,3359530000,2047.5999755859375
^GSPC,2016-04-11,2050.22998046875,2062.929931640625,2041.8800048828125,2041.989990234375,3567840000,2041.989990234375
^GSPC,2016-04-12,2043.719970703125,2065.050048828125,2039.739990234375,2061.719970703125,4239740000,2061.719970703125
^GSPC,2016-04-13,2065.919921875,2083.179931640625,2065.919921875,2082.419921875,4191830000,2082.419921875
^GSPC,2016-04-14,2082.889892578125,2087.840087890625,2078.1298828125,2082.780029296875,3765870000,2082.780029296875
^GSPC,2016-04-15,2083.10009765625,2083.219970703125,2076.31005859375,2080.72998046875,3701450000,2080.72998046875
^GSPC,2016-04-18,2078.830078125,2094.659912109375,2073.64990234375,2094.340087890625,3316880000,2094.340087890625
^GSPC,2016-04-19,2096.050048828125,2104.050048828125,2091.679931640625,2100.800048828125,3896830000,2100.800048828125
^GSPC,2016-04-20,2101.52001953125,2111.050048828125,2096.320068359375,2102.39990234375,4184880000,2102.39990234375
^GSPC,2016-04-21,2102.090087890625,2103.780029296875,2088.52001953125,2091.47998046875,4175290000,2091.47998046875
^GSPC,2016-04-22,2091.489990234375,2094.320068359375,2081.199951171875,2091.580078125,3790580000,2091.580078125
^GSPC,2016-04-25,2089.3701171875,2089.3701171875,2077.52001953125,2087.7900390625,3319740000,2087.7900390625
^GSPC,2016-04-26,2089.840087890625,2096.8701171875,2085.800048828125,2091.699951171875,3557190000,2091.699951171875
^GSPC,2016-04-27,2092.330078125,2099.889892578125,2082.31005859375,2095.14990234375,4100110000,2095.14990234375
^GSPC,2016-04-28,2090.929931640625,2099.300048828125,2071.6201171875,2075.81005859375,4309840000,2075.81005859375
^GSPC,2016-04-29,2071.820068359375,2073.85009765625,2052.280029296875,2065.300048828125,4704720000,2065.300048828125
^GSPC,2016-05-02,2067.169921875,2083.419921875,2066.110107421875,2081.429931640625,3841110000,2081.429931640625
^GSPC,2016-05-03,2077.179931640625,2077.179931640625,2054.889892578125,2063.3701171875,4173390000,2063.3701171875
^GSPC,2016-05-04,2060.300048828125,2060.300048828125,2045.550048828125,2051.1201171875,4058560000,2051.1201171875
^GSPC,2016-05-05,2052.949951171875,2060.22998046875,2045.77001953125,2050.6298828125,4008530000,2050.6298828125
^GSPC,2016-05-06,2047.77001953125,2057.719970703125,2039.449951171875,2057.139892578125,3796350000,2057.139892578125
^GSPC,2016-05-09,2057.550048828125,2064.14990234375,2054.31005859375,2058.68994140625,3788620000,2058.68994140625
^GSPC,2016-05-10,2062.6298828125,2084.8701171875,2062.6298828125,2084.389892578125,3600200000,2084.389892578125
^GSPC,2016-05-11,2083.2900390625,2083.2900390625,2064.4599609375,2064.4599609375,3821980000,2064.4599609375
^GSPC,2016-05-12,2067.169921875,2073.989990234375,2053.1298828125,2064.110107421875,3782390000,2064.110107421875
^GSPC,2016-05-13,2062.5,2066.7900390625,2043.1300048828125,2046.6099853515625,3579880000,2046.6099853515625
^GSPC,2016-05-16,2046.530029296875,2071.8798828125,2046.530029296875,2066.659912109375,3501360000,2066.659912109375
^GSPC,2016-05-17,2065.0400390625,2065.68994140625,2040.8199462890625,2047.2099609375,4108960000,2047.2099609375
^GSPC,2016-05-18,2044.3800048828125,2060.610107421875,2034.489990234375,2047.6300048828125,4101320000,2047.6300048828125
^GSPC,2016-05-19,2044.2099609375,2044.2099609375,2025.9100341796875,2040.0400390625,3846770000,2040.0400390625
^GSPC,2016-05-20,2041.8800048828125,2058.35009765625,2041.8800048828125,2052.320068359375,3507650000,2052.320068359375
^GSPC,2016-05-23,2052.22998046875,2055.580078125,2047.260009765625,2048.0400390625,3055480000,2048.0400390625
^GSPC,2016-05-24,2052.64990234375,2079.669921875,2052.64990234375,2076.06005859375,3627340000,2076.06005859375
^GSPC,2016-05-25,2078.929931640625,2094.72998046875,2078.929931640625,2090.5400390625,3859160000,2090.5400390625
^GSPC,2016-05-26,2091.43994140625,2094.300048828125,2087.080078125,2090.10009765625,3230990000,2090.10009765625
^GSPC,2016-05-27,2090.06005859375,2099.06005859375,2090.06005859375,2099.06005859375,3079150000,2099.06005859375
^GSPC,2016-05-31,2100.1298828125,2103.47998046875,2088.659912109375,2096.949951171875,4514410000,2096.949951171875
^GSPC,2016-06-01,2093.93994140625,2100.969970703125,2085.10009765625,2099.330078125,3525170000,2099.330078125
^GSPC,2016-06-02,2097.7099609375,2105.260009765625,2088.590087890625,2105.260009765625,3632720000,2105.260009765625
^GSPC,2016-06-03,2104.070068359375,2104.070068359375,2085.360107421875,2099.1298828125,3627780000,2099.1298828125
^GSPC,2016-06-06,2100.830078125,2113.360107421875,2100.830078125,2109.409912109375,3442020000,2109.409912109375
^GSPC,2016-06-07,2110.179931640625,2119.219970703125,2110.179931640625,2112.1298828125,3534730000,2112.1298828125
^GSPC,2016-06-08,2112.7099609375,2120.550048828125,2112.7099609375,2119.1201171875,3562060000,2119.1201171875
^GSPC,2016-06-09,2115.64990234375,2117.639892578125,2107.72998046875,2115.47998046875,3290320000,2115.47998046875
^GSPC,2016-06-10,2109.570068359375,2109.570068359375,2089.9599609375,2096.070068359375,3515010000,2096.070068359375
^GSPC,2016-06-13,2091.75,2098.1201171875,2078.4599609375,2079.06005859375,3392030000,2079.06005859375
^GSPC,2016-06-14,2076.64990234375,2081.300048828125,2064.10009765625,2075.320068359375,3759770000,2075.320068359375
^GSPC,2016-06-15,2077.60009765625,2085.64990234375,2069.800048828125,2071.5,3544720000,2071.5
^GSPC,2016-06-16,2066.360107421875,2079.6201171875,2050.3701171875,2077.989990234375,3628280000,2077.989990234375
^GSPC,2016-06-17,2078.199951171875,2078.199951171875,2062.840087890625,2071.219970703125,4952630000,2071.219970703125
^GSPC,2016-06-20,2075.580078125,2100.659912109375,2075.580078125,2083.25,3467440000,2083.25
^GSPC,2016-06-21,2085.18994140625,2093.659912109375,2083.02001953125,2088.89990234375,3232880000,2088.89990234375
^GSPC,2016-06-22,2089.75,2099.7099609375,2084.360107421875,2085.449951171875,3168160000,2085.449951171875
^GSPC,2016-06-23,2092.800048828125,2113.320068359375,2092.800048828125,2113.320068359375,3297940000,2113.320068359375
^GSPC,2016-06-24,2103.81005859375,2103.81005859375,2032.5699462890625,2037.4100341796875,7597450000,2037.4100341796875
^GSPC,2016-06-27,2031.449951171875,2031.449951171875,1991.6800537109375,2000.5400390625,5431220000,2000.5400390625
^GSPC,2016-06-28,2006.6700439453125,2036.0899658203125,2006.6700439453125,2036.0899658203125,4385810000,2036.0899658203125
^GSPC,2016-06-29,2042.68994140625,2073.1298828125,2042.68994140625,2070.77001953125,4241740000,2070.77001953125
^GSPC,2016-06-30,2073.169921875,2098.93994140625,2070,2098.860107421875,4622820000,2098.860107421875
^GSPC,2016-07-01,2099.340087890625,2108.7099609375,2097.89990234375,2102.949951171875,3458890000,2102.949951171875
^GSPC,2016-07-05,2095.050048828125,2095.050048828125,2080.860107421875,2088.550048828125,3658380000,2088.550048828125
^GSPC,2016-07-06,2084.429931640625,2100.719970703125,2074.02001953125,2099.72998046875,3909380000,2099.72998046875
^GSPC,2016-07-07,2100.419921875,2109.080078125,2089.389892578125,2097.89990234375,3604550000,2097.89990234375
^GSPC,2016-07-08,2106.969970703125,2131.7099609375,2106.969970703125,2129.89990234375,3607500000,2129.89990234375
^GSPC,2016-07-11,2131.719970703125,2143.159912109375,2131.719970703125,2137.159912109375,3253340000,2137.159912109375
^GSPC,2016-07-12,2139.5,2155.39990234375,2139.5,2152.139892578125,4097820000,2152.139892578125
^GSPC,2016-07-13,2153.81005859375,2156.449951171875,2146.2099609375,2152.429931640625,3502320000,2152.429931640625
^GSPC,2016-07-14,2157.8798828125,2168.989990234375,2157.8798828125,2163.75,3465610000,2163.75
^GSPC,2016-07-15,2165.1298828125,2169.050048828125,2155.7900390625,2161.739990234375,3122600000,2161.739990234375
^GSPC,2016-07-18,2162.0400390625,2168.35009765625,2159.6298828125,2166.889892578125,3009310000,2166.889892578125
^GSPC,2016-07-19,2163.7900390625,2164.6298828125,2159.010009765625,2163.780029296875,2968340000,2163.780029296875
^GSPC,2016-07-20,2166.10009765625,2175.6298828125,2164.889892578125,2173.02001953125,3211860000,2173.02001953125
^GSPC,2016-07-21,2172.909912109375,2174.56005859375,2159.75,2165.169921875,3438900000,2165.169921875
^GSPC,2016-07-22,2166.469970703125,2175.110107421875,2163.239990234375,2175.030029296875,3023280000,2175.030029296875
^GSPC,2016-07-25,2173.7099609375,2173.7099609375,2161.949951171875,2168.47998046875,3057240000,2168.47998046875
^GSPC,2016-07-26,2168.969970703125,2173.5400390625,2160.179931640625,2169.179931640625,3442350000,2169.179931640625
^GSPC,2016-07-27,2169.81005859375,2174.97998046875,2159.070068359375,2166.580078125,3995500000,2166.580078125
^GSPC,2016-07-28,2166.050048828125,2172.85009765625,2159.739990234375,2170.06005859375,3664240000,2170.06005859375
^GSPC,2016-07-29,2168.830078125,2177.090087890625,2163.489990234375,2173.60009765625,4038840000,2173.60009765625
^GSPC,2016-08-01,2173.14990234375,2178.2900390625,2166.2099609375,2170.840087890625,3505990000,2170.840087890625
^GSPC,2016-08-02,2169.93994140625,2170.199951171875,2147.580078125,2157.030029296875,3848750000,2157.030029296875
^GSPC,2016-08-03,2156.81005859375,2163.7900390625,2152.56005859375,2163.7900390625,3786530000,2163.7900390625
^GSPC,2016-08-04,2163.510009765625,2168.18994140625,2159.070068359375,2164.25,3709200000,2164.25
^GSPC,2016-08-05,2168.7900390625,2182.8701171875,2168.7900390625,2182.8701171875,3663070000,2182.8701171875
^GSPC,2016-08-08,2183.760009765625,2185.43994140625,2177.85009765625,2180.889892578125,3327550000,2180.889892578125
^GSPC,2016-08-09,2182.239990234375,2187.659912109375,2178.610107421875,2181.739990234375,3334300000,2181.739990234375
^GSPC,2016-08-10,2182.81005859375,2183.409912109375,2172,2175.489990234375,3254950000,2175.489990234375
^GSPC,2016-08-11,2177.969970703125,2188.449951171875,2177.969970703125,2185.7900390625,3423160000,2185.7900390625
^GSPC,2016-08-12,2183.739990234375,2186.280029296875,2179.419921875,2184.050048828125,3000660000,2184.050048828125
^GSPC,2016-08-15,2186.080078125,2193.81005859375,2186.080078125,2190.14990234375,3078530000,2190.14990234375
^GSPC,2016-08-16,2186.239990234375,2186.239990234375,2178.139892578125,2178.14990234375,3196400000,2178.14990234375
^GSPC,2016-08-17,2177.840087890625,2183.080078125,2168.5,2182.219970703125,3388910000,2182.219970703125
^GSPC,2016-08-18,2181.89990234375,2187.030029296875,2180.4599609375,2187.02001953125,3300570000,2187.02001953125
^GSPC,2016-08-19,2184.239990234375,2185,2175.1298828125,2183.8701171875,3084800000,2183.8701171875
^GSPC,2016-08-22,2181.580078125,2185.14990234375,2175.9599609375,2182.639892578125,2777550000,2182.639892578125
^GSPC,2016-08-23,2187.81005859375,2193.419921875,2186.800048828125,2186.89990234375,3041490000,2186.89990234375
^GSPC,2016-08-24,2185.090087890625,2186.659912109375,2171.25,2175.43994140625,3148280000,2175.43994140625
^GSPC,2016-08-25,2173.2900390625,2179,2169.739990234375,2172.469970703125,2969310000,2172.469970703125
^GSPC,2016-08-26,2175.10009765625,2187.93994140625,2160.389892578125,2169.0400390625,3342340000,2169.0400390625
^GSPC,2016-08-29,2170.18994140625,2183.47998046875,2170.18994140625,2180.3798828125,2654780000,2180.3798828125
^GSPC,2016-08-30,2179.449951171875,2182.27001953125,2170.409912109375,2176.1201171875,3006800000,2176.1201171875
^GSPC,2016-08-31,2173.56005859375,2173.7900390625,2161.35009765625,2170.949951171875,3766390000,2170.949951171875
^GSPC,2016-09-01,2171.330078125,2173.56005859375,2157.090087890625,2170.860107421875,3392120000,2170.860107421875
^GSPC,2016-09-02,2177.489990234375,2184.8701171875,2173.590087890625,2179.97998046875,3091120000,2179.97998046875
^GSPC,2016-09-06,2181.610107421875,2186.570068359375,2175.10009765625,2186.47998046875,3447650000,2186.47998046875
^GSPC,2016-09-07,2185.169921875,2187.8701171875,2179.070068359375,2186.159912109375,3319420000,2186.159912109375
^GSPC,2016-09-08,2182.760009765625,2184.93994140625,2177.489990234375,2181.300048828125,3727840000,2181.300048828125
^GSPC,2016-09-09,2169.080078125,2169.080078125,2127.81005859375,2127.81005859375,4233960000,2127.81005859375
^GSPC,2016-09-12,2120.860107421875,2163.300048828125,2119.1201171875,2159.0400390625,4010480000,2159.0400390625
^GSPC,2016-09-13,2150.469970703125,2150.469970703125,2120.27001953125,2127.02001953125,4141670000,2127.02001953125
^GSPC,2016-09-14,2127.860107421875,2141.330078125,2119.89990234375,2125.77001953125,3664100000,2125.77001953125
^GSPC,2016-09-15,2125.360107421875,2151.31005859375,2122.360107421875,2147.260009765625,3373720000,2147.260009765625
^GSPC,2016-09-16,2146.47998046875,2146.47998046875,2131.199951171875,2139.159912109375,5014360000,2139.159912109375
^GSPC,2016-09-19,2143.989990234375,2153.610107421875,2135.909912109375,2139.1201171875,3141820000,2139.1201171875
^GSPC,2016-09-20,2145.93994140625,2150.800048828125,2139.169921875,2139.760009765625,3117380000,2139.760009765625
^GSPC,2016-09-21,2144.580078125,2165.110107421875,2139.570068359375,2163.1201171875,3685450000,2163.1201171875
^GSPC,2016-09-22,2170.93994140625,2179.989990234375,2170.93994140625,2177.179931640625,3523860000,2177.179931640625
^GSPC,2016-09-23,2173.2900390625,2173.75,2163.969970703125,2164.68994140625,3289860000,2164.68994140625
^GSPC,2016-09-26,2158.5400390625,2158.5400390625,2145.0400390625,2146.10009765625,3199910000,2146.10009765625
^GSPC,2016-09-27,2146.0400390625,2161.1298828125,2141.550048828125,2159.929931640625,3414090000,2159.929931640625
^GSPC,2016-09-28,2161.85009765625,2172.39990234375,2151.7900390625,2171.3701171875,3860390000,2171.3701171875
^GSPC,2016-09-29,2168.89990234375,2172.669921875,2145.199951171875,2151.1298828125,4215620000,2151.1298828125
^GSPC,2016-09-30,2156.510009765625,2175.300048828125,2156.510009765625,2168.27001953125,4158800000,2168.27001953125
^GSPC,2016-10-03,2164.330078125,2164.409912109375,2154.77001953125,2161.199951171875,3113850000,2161.199951171875
^GSPC,2016-10-04,2163.3701171875,2165.4599609375,2144.010009765625,2150.489990234375,3716100000,2150.489990234375
^GSPC,2016-10-05,2155.14990234375,2163.949951171875,2155.14990234375,2159.72998046875,3883710000,2159.72998046875
^GSPC,2016-10-06,2158.219970703125,2162.929931640625,2150.280029296875,2160.77001953125,3438040000,2160.77001953125
^GSPC,2016-10-07,2164.18994140625,2165.860107421875,2144.85009765625,2153.739990234375,3578770000,2153.739990234375
^GSPC,2016-10-10,2160.389892578125,2169.60009765625,2160.389892578125,2163.659912109375,2881970000,2163.659912109375
^GSPC,2016-10-11,2161.35009765625,2161.56005859375,2128.840087890625,2136.72998046875,3393060000,2136.72998046875
^GSPC,2016-10-12,2137.669921875,2145.360107421875,2132.77001953125,2139.179931640625,2959510000,2139.179931640625
^GSPC,2016-10-13,2130.260009765625,2138.18994140625,2114.719970703125,2132.550048828125,3538030000,2132.550048828125
^GSPC,2016-10-14,2139.679931640625,2149.18994140625,2132.97998046875,2132.97998046875,3187910000,2132.97998046875
^GSPC,2016-10-17,2132.949951171875,2135.610107421875,2124.429931640625,2126.5,2832440000,2126.5
^GSPC,2016-10-18,2138.31005859375,2144.3798828125,2135.489990234375,2139.60009765625,3172940000,2139.60009765625
^GSPC,2016-10-19,2140.81005859375,2148.43994140625,2138.14990234375,2144.2900390625,3364990000,2144.2900390625
^GSPC,2016-10-20,2142.510009765625,2147.179931640625,2133.43994140625,2141.340087890625,3339320000,2141.340087890625
^GSPC,2016-10-21,2139.429931640625,2142.6298828125,2130.090087890625,2141.159912109375,3456390000,2141.159912109375
^GSPC,2016-10-24,2148.5,2154.7900390625,2146.909912109375,2151.330078125,3359950000,2151.330078125
^GSPC,2016-10-25,2149.719970703125,2151.43994140625,2141.929931640625,2143.159912109375,3756200000,2143.159912109375
^GSPC,2016-10-26,2136.969970703125,2145.72998046875,2131.590087890625,2139.429931640625,3778120000,2139.429931640625
^GSPC,2016-10-27,2144.06005859375,2147.1298828125,2132.52001953125,2133.0400390625,4209400000,2133.0400390625
^GSPC,2016-10-28,2132.22998046875,2140.719970703125,2119.360107421875,2126.409912109375,4028270000,2126.409912109375
^GSPC,2016-10-31,2129.780029296875,2133.25,2125.530029296875,2126.14990234375,3926560000,2126.14990234375
^GSPC,2016-11-01,2128.679931640625,2131.449951171875,2097.85009765625,2111.719970703125,4539190000,2111.719970703125
^GSPC,2016-11-02,2109.429931640625,2111.760009765625,2094,2097.93994140625,4289120000,2097.93994140625
^GSPC,2016-11-03,2098.800048828125,2102.56005859375,2085.22998046875,2088.659912109375,3892100000,2088.659912109375
^GSPC,2016-11-04,2083.7900390625,2099.070068359375,2083.7900390625,2085.179931640625,3841910000,2085.179931640625
^GSPC,2016-11-07,2100.590087890625,2132,2100.590087890625,2131.52001953125,3739720000,2131.52001953125
^GSPC,2016-11-08,2129.919921875,2146.8701171875,2123.56005859375,2139.56005859375,3921850000,2139.56005859375
^GSPC,2016-11-09,2131.56005859375,2170.10009765625,2125.35009765625,2163.260009765625,6267590000,2163.260009765625
^GSPC,2016-11-10,2167.489990234375,2182.300048828125,2151.169921875,2167.47998046875,6458450000,2167.47998046875
^GSPC,2016-11-11,2162.7099609375,2165.919921875,2152.489990234375,2164.449951171875,4993990000,2164.449951171875
^GSPC,2016-11-14,2165.639892578125,2171.360107421875,2156.080078125,2164.199951171875,5373670000,2164.199951171875
^GSPC,2016-11-15,2168.2900390625,2180.840087890625,2166.3798828125,2180.389892578125,4548110000,2180.389892578125
^GSPC,2016-11-16,2177.530029296875,2179.219970703125,2172.199951171875,2176.93994140625,3847900000,2176.93994140625
^GSPC,2016-11-17,2178.610107421875,2188.06005859375,2176.64990234375,2187.1201171875,3811730000,2187.1201171875
^GSPC,2016-11-18,2186.85009765625,2189.889892578125,2180.3798828125,2181.89990234375,3580900000,2181.89990234375
^GSPC,2016-11-21,2186.429931640625,2198.699951171875,2186.429931640625,2198.179931640625,3611500000,2198.179931640625
^GSPC,2016-11-22,2201.56005859375,2204.800048828125,2194.510009765625,2202.93994140625,3960520000,2202.93994140625
^GSPC,2016-11-23,2198.550048828125,2204.719970703125,2194.510009765625,2204.719970703125,3419850000,2204.719970703125
^GSPC,2016-11-25,2206.27001953125,2213.35009765625,2206.27001953125,2213.35009765625,1584590000,2213.35009765625
^GSPC,2016-11-28,2210.2099609375,2211.139892578125,2200.360107421875,2201.719970703125,3515100000,2201.719970703125
^GSPC,2016-11-29,2200.760009765625,2210.4599609375,2198.14990234375,2204.659912109375,3709190000,2204.659912109375
^GSPC,2016-11-30,2204.969970703125,2214.10009765625,2198.81005859375,2198.81005859375,5538400000,2198.81005859375
^GSPC,2016-12-01,2200.169921875,2202.60009765625,2187.43994140625,2191.080078125,5067470000,2191.080078125
^GSPC,2016-12-02,2191.1201171875,2197.949951171875,2188.3701171875,2191.949951171875,3782370000,2191.949951171875
^GSPC,2016-12-05,2200.64990234375,2209.419921875,2199.969970703125,2204.7099609375,3898530000,2204.7099609375
^GSPC,2016-12-06,2207.260009765625,2212.780029296875,2202.2099609375,2212.22998046875,3857290000,2212.22998046875
^GSPC,2016-12-07,2210.719970703125,2241.6298828125,2208.929931640625,2241.35009765625,4504070000,2241.35009765625
^GSPC,2016-12-08,2241.1298828125,2251.68994140625,2237.570068359375,2246.18994140625,4203270000,2246.18994140625
^GSPC,2016-12-09,2249.72998046875,2259.800048828125,2249.22998046875,2259.530029296875,3886460000,2259.530029296875
^GSPC,2016-12-12,2258.830078125,2264.030029296875,2252.3701171875,2256.9599609375,4038850000,2256.9599609375
^GSPC,2016-12-13,2263.320068359375,2277.530029296875,2263.320068359375,2271.719970703125,3875630000,2271.719970703125
^GSPC,2016-12-14,2268.35009765625,2276.199951171875,2248.43994140625,2253.280029296875,4409670000,2253.280029296875
^GSPC,2016-12-15,2253.77001953125,2272.1201171875,2253.77001953125,2262.030029296875,4173360000,2262.030029296875
^GSPC,2016-12-16,2266.81005859375,2268.050048828125,2254.239990234375,2258.070068359375,5928980000,2258.070068359375
^GSPC,2016-12-19,2259.239990234375,2267.469970703125,2258.2099609375,2262.530029296875,3252840000,2262.530029296875
^GSPC,2016-12-20,2266.5,2272.56005859375,2266.139892578125,2270.760009765625,3306250000,2270.760009765625
^GSPC,2016-12-21,2270.5400390625,2271.22998046875,2265.14990234375,2265.179931640625,2854880000,2265.179931640625
^GSPC,2016-12-22,2262.929931640625,2263.179931640625,2256.080078125,2260.9599609375,2880670000,2260.9599609375
^GSPC,2016-12-23,2260.25,2263.7900390625,2258.840087890625,2263.7900390625,2021230000,2263.7900390625
^GSPC,2016-12-27,2266.22998046875,2273.820068359375,2266.14990234375,2268.8798828125,1989730000,2268.8798828125
^GSPC,2016-12-28,2270.22998046875,2271.31005859375,2249.110107421875,2249.919921875,2402750000,2249.919921875
^GSPC,2016-12-29,2249.5,2254.510009765625,2244.56005859375,2249.260009765625,2338700000,2249.260009765625
^GSPC,2016-12-30,2251.610107421875,2253.580078125,2233.6201171875,2238.830078125,2671550000,2238.830078125
^GSPC,2017-01-03,2251.570068359375,2263.8798828125,2245.1298828125,2257.830078125,3773010000,2257.830078125
^GSPC,2017-01-04,2261.60009765625,2272.820068359375,2261.60009765625,2270.75,3768890000,2270.75
^GSPC,2017-01-05,2268.179931640625,2271.5,2260.449951171875,2269,3785080000,2269
^GSPC,2017-01-06,2271.139892578125,2282.10009765625,2264.06005859375,2276.97998046875,3342080000,2276.97998046875
^GSPC,2017-01-09,2273.590087890625,2275.489990234375,2268.89990234375,2268.89990234375,3219730000,2268.89990234375
^GSPC,2017-01-10,2269.719970703125,2279.27001953125,2265.27001953125,2268.89990234375,3640560000,2268.89990234375
^GSPC,2017-01-11,2268.60009765625,2275.320068359375,2260.830078125,2275.320068359375,3625080000,2275.320068359375
^GSPC,2017-01-12,2271.139892578125,2271.780029296875,2254.25,2270.43994140625,3466220000,2270.43994140625
^GSPC,2017-01-13,2272.739990234375,2278.679931640625,2271.510009765625,2274.639892578125,3090680000,2274.639892578125
^GSPC,2017-01-17,2269.139892578125,2272.080078125,2262.81005859375,2267.889892578125,3586950000,2267.889892578125
^GSPC,2017-01-18,2269.139892578125,2272.010009765625,2263.35009765625,2271.889892578125,3317670000,2271.889892578125
^GSPC,2017-01-19,2271.89990234375,2274.330078125,2258.409912109375,2263.68994140625,3168390000,2263.68994140625
^GSPC,2017-01-20,2269.9599609375,2276.9599609375,2265.010009765625,2271.31005859375,3536850000,2271.31005859375
^GSPC,2017-01-23,2267.780029296875,2271.780029296875,2257.02001953125,2265.199951171875,3155240000,2265.199951171875
^GSPC,2017-01-24,2267.8798828125,2284.6298828125,2266.679931640625,2280.070068359375,3816950000,2280.070068359375
^GSPC,2017-01-25,2288.8798828125,2299.550048828125,2288.8798828125,2298.3701171875,3849340000,2298.3701171875
^GSPC,2017-01-26,2298.6298828125,2300.989990234375,2294.080078125,2296.679931640625,3611510000,2296.679931640625
^GSPC,2017-01-27,2299.02001953125,2299.02001953125,2291.6201171875,2294.68994140625,3137420000,2294.68994140625
^GSPC,2017-01-30,2286.010009765625,2286.010009765625,2268.0400390625,2280.89990234375,3595040000,2280.89990234375
^GSPC,2017-01-31,2274.02001953125,2279.090087890625,2267.2099609375,2278.8701171875,4089730000,2278.8701171875
^GSPC,2017-02-01,2285.590087890625,2289.139892578125,2272.43994140625,2279.550048828125,3919190000,2279.550048828125
^GSPC,2017-02-02,2276.68994140625,2283.969970703125,2271.64990234375,2280.85009765625,3809760000,2280.85009765625
^GSPC,2017-02-03,2288.5400390625,2298.31005859375,2287.8798828125,2297.419921875,3605970000,2297.419921875
^GSPC,2017-02-06,2294.280029296875,2296.179931640625,2288.570068359375,2292.56005859375,3112390000,2292.56005859375
^GSPC,2017-02-07,2295.8701171875,2299.39990234375,2290.159912109375,2293.080078125,3452460000,2293.080078125
^GSPC,2017-02-08,2289.550048828125,2295.909912109375,2285.3798828125,2294.669921875,3611950000,2294.669921875
^GSPC,2017-02-09,2296.699951171875,2311.080078125,2296.610107421875,2307.8701171875,3681600000,2307.8701171875
^GSPC,2017-02-10,2312.27001953125,2319.22998046875,2311.10009765625,2316.10009765625,3496600000,2316.10009765625
^GSPC,2017-02-13,2321.719970703125,2331.580078125,2321.419921875,2328.25,3352370000,2328.25
^GSPC,2017-02-14,2326.1201171875,2337.580078125,2322.169921875,2337.580078125,3528040000,2337.580078125
^GSPC,2017-02-15,2335.580078125,2351.300048828125,2334.81005859375,2349.25,3785870000,2349.25
^GSPC,2017-02-16,2349.639892578125,2351.31005859375,2338.8701171875,2347.219970703125,3675900000,2347.219970703125
^GSPC,2017-02-17,2343.010009765625,2351.159912109375,2339.580078125,2351.159912109375,3516830000,2351.159912109375
^GSPC,2017-02-21,2354.909912109375,2366.7099609375,2354.909912109375,2365.3798828125,3587520000,2365.3798828125
^GSPC,2017-02-22,2361.110107421875,2365.1298828125,2358.340087890625,2362.820068359375,3473170000,2362.820068359375
^GSPC,2017-02-23,2367.5,2368.260009765625,2355.090087890625,2363.81005859375,4021770000,2363.81005859375
^GSPC,2017-02-24,2355.72998046875,2367.340087890625,2352.8701171875,2367.340087890625,3832410000,2367.340087890625
^GSPC,2017-02-27,2365.22998046875,2371.5400390625,2361.8701171875,2369.75,3584680000,2369.75
^GSPC,2017-02-28,2366.080078125,2367.7900390625,2358.9599609375,2363.639892578125,4212460000,2363.639892578125
^GSPC,2017-03-01,2380.1298828125,2400.97998046875,2380.1298828125,2395.9599609375,4347630000,2395.9599609375
^GSPC,2017-03-02,2394.75,2394.75,2380.169921875,2381.919921875,3824030000,2381.919921875
^GSPC,2017-03-03,2380.919921875,2383.889892578125,2375.389892578125,2383.1201171875,3556670000,2383.1201171875
^GSPC,2017-03-06,2375.22998046875,2378.800048828125,2367.97998046875,2375.31005859375,3251800000,2375.31005859375
^GSPC,2017-03-07,2370.739990234375,2375.1201171875,2365.510009765625,2368.389892578125,3526300000,2368.389892578125
^GSPC,2017-03-08,2369.81005859375,2373.090087890625,2361.010009765625,2362.97998046875,3814080000,2362.97998046875
^GSPC,2017-03-09,2363.489990234375,2369.080078125,2354.5400390625,2364.8701171875,3718450000,2364.8701171875
^GSPC,2017-03-10,2372.52001953125,2376.860107421875,2363.0400390625,2372.60009765625,3434400000,2372.60009765625
^GSPC,2017-03-13,2371.56005859375,2374.419921875,2368.52001953125,2373.469970703125,3166650000,2373.469970703125
^GSPC,2017-03-14,2368.550048828125,2368.550048828125,2358.179931640625,2365.449951171875,3173760000,2365.449951171875
^GSPC,2017-03-15,2370.340087890625,2390.010009765625,2368.93994140625,2385.260009765625,3909490000,2385.260009765625
^GSPC,2017-03-16,2387.7099609375,2388.10009765625,2377.179931640625,2381.3798828125,3368880000,2381.3798828125
^GSPC,2017-03-17,2383.7099609375,2385.7099609375,2377.639892578125,2378.25,5179820000,2378.25
^GSPC,2017-03-20,2378.239990234375,2379.550048828125,2369.659912109375,2373.469970703125,3061560000,2373.469970703125
^GSPC,2017-03-21,2379.320068359375,2381.929931640625,2341.89990234375,2344.02001953125,4278890000,2344.02001953125
^GSPC,2017-03-22,2343,2351.81005859375,2336.449951171875,2348.449951171875,3575160000,2348.449951171875
^GSPC,2017-03-23,2345.969970703125,2358.919921875,2342.1298828125,2345.9599609375,3262400000,2345.9599609375
^GSPC,2017-03-24,2350.419921875,2356.219970703125,2335.739990234375,2343.97998046875,2978530000,2343.97998046875
^GSPC,2017-03-27,2329.110107421875,2344.89990234375,2322.25,2341.590087890625,3242300000,2341.590087890625
^GSPC,2017-03-28,2339.7900390625,2363.780029296875,2337.6298828125,2358.570068359375,3369120000,2358.570068359375
^GSPC,2017-03-29,2356.5400390625,2363.360107421875,2352.93994140625,2361.1298828125,3107670000,2361.1298828125
^GSPC,2017-03-30,2361.31005859375,2370.419921875,2358.580078125,2368.06005859375,3159680000,2368.06005859375
^GSPC,2017-03-31,2364.820068359375,2370.35009765625,2362.60009765625,2362.719970703125,3356740000,2362.719970703125
^GSPC,2017-04-03,2362.340087890625,2365.8701171875,2344.72998046875,2358.840087890625,3418730000,2358.840087890625
^GSPC,2017-04-04,2354.760009765625,2360.530029296875,2350.719970703125,2360.159912109375,3208340000,2360.159912109375
^GSPC,2017-04-05,2366.590087890625,2378.360107421875,2350.52001953125,2352.949951171875,3780650000,2352.949951171875
^GSPC,2017-04-06,2353.7900390625,2364.159912109375,2348.89990234375,2357.489990234375,3203250000,2357.489990234375
^GSPC,2017-04-07,2356.590087890625,2363.760009765625,2350.739990234375,2355.5400390625,3054700000,2355.5400390625
^GSPC,2017-04-10,2357.159912109375,2366.3701171875,2351.5,2357.159912109375,2792570000,2357.159912109375
^GSPC,2017-04-11,2353.919921875,2355.219970703125,2337.25,2353.780029296875,3120900000,2353.780029296875
^GSPC,2017-04-12,2352.14990234375,2352.719970703125,2341.179931640625,2344.929931640625,3201300000,2344.929931640625
^GSPC,2017-04-13,2341.97998046875,2348.260009765625,2328.949951171875,2328.949951171875,3146380000,2328.949951171875
^GSPC,2017-04-17,2332.6201171875,2349.139892578125,2332.510009765625,2349.010009765625,2826890000,2349.010009765625
^GSPC,2017-04-18,2342.530029296875,2348.35009765625,2334.5400390625,2342.18994140625,3272210000,2342.18994140625
^GSPC,2017-04-19,2346.7900390625,2352.6298828125,2335.050048828125,2338.169921875,3521160000,2338.169921875
^GSPC,2017-04-20,2342.68994140625,2361.3701171875,2340.909912109375,2355.840087890625,3648990000,2355.840087890625
^GSPC,2017-04-21,2354.739990234375,2356.179931640625,2344.510009765625,2348.68994140625,3524160000,2348.68994140625
^GSPC,2017-04-24,2370.330078125,2376.97998046875,2369.18994140625,2374.14990234375,3711170000,2374.14990234375
^GSPC,2017-04-25,2381.510009765625,2392.47998046875,2381.14990234375,2388.610107421875,4005820000,2388.610107421875
^GSPC,2017-04-26,2388.97998046875,2398.159912109375,2386.780029296875,2387.449951171875,4111350000,2387.449951171875
^GSPC,2017-04-27,2389.699951171875,2392.10009765625,2382.679931640625,2388.77001953125,4099940000,2388.77001953125
^GSPC,2017-04-28,2393.679931640625,2393.679931640625,2382.360107421875,2384.199951171875,3721350000,2384.199951171875
^GSPC,2017-05-01,2388.5,2394.489990234375,2384.830078125,2388.330078125,3201500000,2388.330078125
^GSPC,2017-05-02,2391.050048828125,2392.929931640625,2385.820068359375,2391.169921875,3861360000,2391.169921875
^GSPC,2017-05-03,2386.5,2389.820068359375,2379.75,2388.1298828125,3896760000,2388.1298828125
^GSPC,2017-05-04,2389.7900390625,2391.429931640625,2380.35009765625,2389.52001953125,4367860000,2389.52001953125
^GSPC,2017-05-05,2392.3701171875,2399.2900390625,2389.3798828125,2399.2900390625,3543240000,2399.2900390625
^GSPC,2017-05-08,2399.93994140625,2401.360107421875,2393.919921875,2399.3798828125,3429990000,2399.3798828125
^GSPC,2017-05-09,2401.580078125,2403.8701171875,2392.43994140625,2396.919921875,3657840000,2396.919921875
^GSPC,2017-05-10,2396.7900390625,2399.739990234375,2392.7900390625,2399.6298828125,3649370000,2399.6298828125
^GSPC,2017-05-11,2394.840087890625,2395.719970703125,2381.739990234375,2394.43994140625,3727710000,2394.43994140625
^GSPC,2017-05-12,2392.43994140625,2392.43994140625,2387.18994140625,2390.89990234375,3304620000,2390.89990234375
^GSPC,2017-05-15,2393.97998046875,2404.050048828125,2393.93994140625,2402.320068359375,3490080000,2402.320068359375
^GSPC,2017-05-16,2404.550048828125,2405.77001953125,2396.050048828125,2400.669921875,3421810000,2400.669921875
^GSPC,2017-05-17,2382.949951171875,2384.8701171875,2356.2099609375,2357.030029296875,4164760000,2357.030029296875
^GSPC,2017-05-18,2354.68994140625,2375.739990234375,2352.719970703125,2365.719970703125,4319440000,2365.719970703125
^GSPC,2017-05-19,2371.3701171875,2389.06005859375,2370.429931640625,2381.72998046875,3831700000,2381.72998046875
^GSPC,2017-05-22,2387.2099609375,2395.4599609375,2386.919921875,2394.02001953125,3176580000,2394.02001953125
^GSPC,2017-05-23,2397.0400390625,2400.85009765625,2393.8798828125,2398.419921875,3216560000,2398.419921875
^GSPC,2017-05-24,2401.409912109375,2405.580078125,2397.989990234375,2404.389892578125,3389240000,2404.389892578125
^GSPC,2017-05-25,2409.5400390625,2418.7099609375,2408.010009765625,2415.070068359375,3538210000,2415.070068359375
^GSPC,2017-05-26,2414.5,2416.679931640625,2412.199951171875,2415.820068359375,2806930000,2415.820068359375
^GSPC,2017-05-30,2411.669921875,2415.260009765625,2409.429931640625,2412.909912109375,3205860000,2412.909912109375
^GSPC,2017-05-31,2415.6298828125,2415.989990234375,2403.590087890625,2411.800048828125,4518040000,2411.800048828125
^GSPC,2017-06-01,2415.64990234375,2430.06005859375,2413.5400390625,2430.06005859375,3860620000,2430.06005859375
^GSPC,2017-06-02,2431.280029296875,2440.22998046875,2427.7099609375,2439.070068359375,3465500000,2439.070068359375
^GSPC,2017-06-05,2437.830078125,2439.550048828125,2434.320068359375,2436.10009765625,2916720000,2436.10009765625
^GSPC,2017-06-06,2431.919921875,2436.2099609375,2428.1201171875,2429.330078125,3376750000,2429.330078125
^GSPC,2017-06-07,2432.030029296875,2435.280029296875,2424.75,2433.139892578125,3576220000,2433.139892578125
^GSPC,2017-06-08,2434.27001953125,2439.27001953125,2427.93994140625,2433.7900390625,3735980000,2433.7900390625
^GSPC,2017-06-09,2436.389892578125,2446.199951171875,2415.699951171875,2431.77001953125,4029860000,2431.77001953125
^GSPC,2017-06-12,2425.8798828125,2430.3798828125,2419.969970703125,2429.389892578125,4031840000,2429.389892578125
^GSPC,2017-06-13,2434.14990234375,2441.489990234375,2431.280029296875,2440.35009765625,3278240000,2440.35009765625
^GSPC,2017-06-14,2443.75,2443.75,2428.340087890625,2437.919921875,3558640000,2437.919921875
^GSPC,2017-06-15,2424.139892578125,2433.949951171875,2418.530029296875,2432.4599609375,3371980000,2432.4599609375
^GSPC,2017-06-16,2431.239990234375,2433.14990234375,2422.8798828125,2433.14990234375,5299380000,2433.14990234375
^GSPC,2017-06-19,2442.550048828125,2453.820068359375,2441.7900390625,2453.4599609375,3271480000,2453.4599609375
^GSPC,2017-06-20,2450.659912109375,2450.659912109375,2436.60009765625,2437.030029296875,3422700000,2437.030029296875
^GSPC,2017-06-21,2439.31005859375,2442.22998046875,2430.739990234375,2435.610107421875,3599190000,2435.610107421875
^GSPC,2017-06-22,2437.39990234375,2441.6201171875,2433.27001953125,2434.5,3477250000,2434.5
^GSPC,2017-06-23,2434.64990234375,2441.39990234375,2431.110107421875,2438.300048828125,5282460000,2438.300048828125
^GSPC,2017-06-26,2443.320068359375,2450.419921875,2437.030029296875,2439.070068359375,3243660000,2439.070068359375
^GSPC,2017-06-27,2436.340087890625,2440.14990234375,2419.3798828125,2419.3798828125,3564770000,2419.3798828125
^GSPC,2017-06-28,2428.699951171875,2442.969970703125,2428.02001953125,2440.68994140625,3479980000,2440.68994140625
^GSPC,2017-06-29,2442.3798828125,2442.72998046875,2405.699951171875,2419.699951171875,3869560000,2419.699951171875
^GSPC,2017-06-30,2429.199951171875,2432.7099609375,2421.64990234375,2423.409912109375,3366030000,2423.409912109375
^GSPC,2017-07-03,2431.389892578125,2439.169921875,2428.68994140625,2429.010009765625,1901480000,2429.010009765625
^GSPC,2017-07-05,2430.780029296875,2434.89990234375,2422.050048828125,2432.5400390625,3368150000,2432.5400390625
^GSPC,2017-07-06,2423.43994140625,2424.280029296875,2407.699951171875,2409.75,3368710000,2409.75
^GSPC,2017-07-07,2413.52001953125,2426.919921875,2413.52001953125,2425.179931640625,2929390000,2425.179931640625
^GSPC,2017-07-10,2424.510009765625,2432,2422.27001953125,2427.429931640625,3009880000,2427.429931640625
^GSPC,2017-07-11,2427.35009765625,2429.300048828125,2412.7900390625,2425.530029296875,3108800000,2425.530029296875
^GSPC,2017-07-12,2435.75,2445.760009765625,2435.75,2443.25,3176900000,2443.25
^GSPC,2017-07-13,2444.989990234375,2449.320068359375,2441.68994140625,2447.830078125,3068510000,2447.830078125
^GSPC,2017-07-14,2449.159912109375,2463.5400390625,2446.68994140625,2459.27001953125,2738460000,2459.27001953125
^GSPC,2017-07-17,2459.5,2462.820068359375,2457.159912109375,2459.139892578125,2800580000,2459.139892578125
^GSPC,2017-07-18,2455.8798828125,2460.919921875,2450.340087890625,2460.610107421875,2974090000,2460.610107421875
^GSPC,2017-07-19,2463.85009765625,2473.830078125,2463.85009765625,2473.830078125,3063810000,2473.830078125
^GSPC,2017-07-20,2475.56005859375,2477.6201171875,2468.429931640625,2473.449951171875,3223820000,2473.449951171875
^GSPC,2017-07-21,2467.39990234375,2472.5400390625,2465.06005859375,2472.5400390625,3066880000,2472.5400390625
^GSPC,2017-07-24,2472.0400390625,2473.10009765625,2466.320068359375,2469.909912109375,3019920000,2469.909912109375
^GSPC,2017-07-25,2477.8798828125,2481.239990234375,2474.909912109375,2477.1298828125,4116360000,2477.1298828125
^GSPC,2017-07-26,2479.969970703125,2481.68994140625,2474.93994140625,2477.830078125,3597830000,2477.830078125
^GSPC,2017-07-27,2482.760009765625,2484.0400390625,2459.929931640625,2475.419921875,4035740000,2475.419921875
^GSPC,2017-07-28,2469.1201171875,2473.530029296875,2464.659912109375,2472.10009765625,3302850000,2472.10009765625
^GSPC,2017-07-31,2475.93994140625,2477.9599609375,2468.530029296875,2470.300048828125,3475930000,2470.300048828125
^GSPC,2017-08-01,2477.10009765625,2478.510009765625,2471.139892578125,2476.35009765625,3470260000,2476.35009765625
^GSPC,2017-08-02,2480.3798828125,2480.3798828125,2466.47998046875,2477.570068359375,3487150000,2477.570068359375
^GSPC,2017-08-03,2476.030029296875,2476.030029296875,2468.85009765625,2472.159912109375,3662410000,2472.159912109375
^GSPC,2017-08-04,2476.8798828125,2480,2472.080078125,2476.830078125,3239980000,2476.830078125
^GSPC,2017-08-07,2477.139892578125,2480.949951171875,2475.8798828125,2480.909912109375,2935130000,2480.909912109375
^GSPC,2017-08-08,2478.35009765625,2490.8701171875,2470.320068359375,2474.919921875,3347480000,2474.919921875
^GSPC,2017-08-09,2465.35009765625,2474.409912109375,2462.080078125,2474.02001953125,3310960000,2474.02001953125
^GSPC,2017-08-10,2465.3798828125,2465.3798828125,2437.75,2438.2099609375,3635820000,2438.2099609375
^GSPC,2017-08-11,2441.0400390625,2448.090087890625,2437.85009765625,2441.320068359375,3161830000,2441.320068359375
^GSPC,2017-08-14,2454.9599609375,2468.219970703125,2454.9599609375,2465.840087890625,2824320000,2465.840087890625
^GSPC,2017-08-15,2468.659912109375,2468.89990234375,2461.610107421875,2464.610107421875,2922430000,2464.610107421875
^GSPC,2017-08-16,2468.6298828125,2474.929931640625,2463.860107421875,2468.110107421875,2956570000,2468.110107421875
^GSPC,2017-08-17,2462.949951171875,2465.02001953125,2430.010009765625,2430.010009765625,3164950000,2430.010009765625
^GSPC,2017-08-18,2427.639892578125,2440.27001953125,2420.68994140625,2425.550048828125,3426970000,2425.550048828125
^GSPC,2017-08-21,2425.5,2430.580078125,2417.35009765625,2428.3701171875,2803650000,2428.3701171875
^GSPC,2017-08-22,2433.75,2454.77001953125,2433.669921875,2452.510009765625,2780990000,2452.510009765625
^GSPC,2017-08-23,2444.8798828125,2448.909912109375,2441.419921875,2444.0400390625,2796950000,2444.0400390625
^GSPC,2017-08-24,2447.909912109375,2450.389892578125,2436.18994140625,2438.969970703125,2849680000,2438.969970703125
^GSPC,2017-08-25,2444.719970703125,2453.9599609375,2442.219970703125,2443.050048828125,2593350000,2443.050048828125
^GSPC,2017-08-28,2447.35009765625,2449.1201171875,2439.030029296875,2444.239990234375,2682920000,2444.239990234375
^GSPC,2017-08-29,2431.93994140625,2449.18994140625,2428.199951171875,2446.300048828125,2739460000,2446.300048828125
^GSPC,2017-08-30,2446.06005859375,2460.31005859375,2443.77001953125,2457.590087890625,2637780000,2457.590087890625
^GSPC,2017-08-31,2462.64990234375,2475.010009765625,2462.64990234375,2471.64990234375,3353860000,2471.64990234375
^GSPC,2017-09-01,2474.419921875,2480.3798828125,2473.85009765625,2476.550048828125,2712780000,2476.550048828125
^GSPC,2017-09-05,2470.35009765625,2471.969970703125,2446.550048828125,2457.85009765625,3502190000,2457.85009765625
^GSPC,2017-09-06,2463.830078125,2469.639892578125,2459.199951171875,2465.5400390625,3400200000,2465.5400390625
^GSPC,2017-09-07,2468.06005859375,2468.6201171875,2460.2900390625,2465.10009765625,3365780000,2465.10009765625
^GSPC,2017-09-08,2462.25,2467.110107421875,2459.39990234375,2461.429931640625,3308360000,2461.429931640625
^GSPC,2017-09-11,2474.52001953125,2488.949951171875,2474.52001953125,2488.110107421875,3293460000,2488.110107421875
^GSPC,2017-09-12,2491.93994140625,2496.77001953125,2490.3701171875,2496.47998046875,3234280000,2496.47998046875
^GSPC,2017-09-13,2493.889892578125,2498.3701171875,2492.139892578125,2498.3701171875,3371370000,2498.3701171875
^GSPC,2017-09-14,2494.56005859375,2498.429931640625,2491.35009765625,2495.6201171875,3422470000,2495.6201171875
^GSPC,2017-09-15,2495.669921875,2500.22998046875,2493.159912109375,2500.22998046875,4862970000,2500.22998046875
^GSPC,2017-09-18,2502.510009765625,2508.320068359375,2499.919921875,2503.8701171875,3204700000,2503.8701171875
^GSPC,2017-09-19,2506.2900390625,2507.840087890625,2503.18994140625,2506.64990234375,3253760000,2506.64990234375
^GSPC,2017-09-20,2506.840087890625,2508.85009765625,2496.669921875,2508.239990234375,3584570000,2508.239990234375
^GSPC,2017-09-21,2507.159912109375,2507.159912109375,2499,2500.60009765625,2965590000,2500.60009765625
^GSPC,2017-09-22,2497.260009765625,2503.469970703125,2496.5400390625,2502.219970703125,2877980000,2502.219970703125
^GSPC,2017-09-25,2499.389892578125,2502.5400390625,2488.030029296875,2496.659912109375,3314530000,2496.659912109375
^GSPC,2017-09-26,2501.0400390625,2503.510009765625,2495.1201171875,2496.840087890625,3070770000,2496.840087890625
^GSPC,2017-09-27,2503.300048828125,2511.75,2495.909912109375,2507.0400390625,3485070000,2507.0400390625
^GSPC,2017-09-28,2503.409912109375,2510.81005859375,2502.929931640625,2510.06005859375,3173030000,2510.06005859375
^GSPC,2017-09-29,2509.9599609375,2519.43994140625,2507.989990234375,2519.360107421875,3220260000,2519.360107421875
^GSPC,2017-10-02,2521.199951171875,2529.22998046875,2520.39990234375,2529.1201171875,3226370000,2529.1201171875
^GSPC,2017-10-03,2530.340087890625,2535.1298828125,2528.85009765625,2534.580078125,3073480000,2534.580078125
^GSPC,2017-10-04,2533.47998046875,2540.530029296875,2531.800048828125,2537.739990234375,3020770000,2537.739990234375
^GSPC,2017-10-05,2540.860107421875,2552.510009765625,2540.02001953125,2552.070068359375,3059730000,2552.070068359375
^GSPC,2017-10-06,2547.43994140625,2549.409912109375,2543.7900390625,2549.330078125,2898270000,2549.330078125
^GSPC,2017-10-09,2551.389892578125,2551.820068359375,2541.60009765625,2544.72998046875,2486940000,2544.72998046875
^GSPC,2017-10-10,2549.989990234375,2555.22998046875,2544.860107421875,2550.639892578125,2962610000,2550.639892578125
^GSPC,2017-10-11,2550.6201171875,2555.239990234375,2547.949951171875,2555.239990234375,2991320000,2555.239990234375
^GSPC,2017-10-12,2552.8798828125,2555.330078125,2548.31005859375,2550.929931640625,3157280000,2550.929931640625
^GSPC,2017-10-13,2555.659912109375,2557.64990234375,2552.090087890625,2553.169921875,3150470000,2553.169921875
^GSPC,2017-10-16,2555.570068359375,2559.469970703125,2552.639892578125,2557.639892578125,2918030000,2557.639892578125
^GSPC,2017-10-17,2557.169921875,2559.7099609375,2554.68994140625,2559.360107421875,2901890000,2559.360107421875
^GSPC,2017-10-18,2562.8701171875,2564.110107421875,2559.669921875,2561.260009765625,2999320000,2561.260009765625
^GSPC,2017-10-19,2553.389892578125,2562.360107421875,2547.919921875,2562.10009765625,3019520000,2562.10009765625
^GSPC,2017-10-20,2567.56005859375,2575.43994140625,2567.56005859375,2575.2099609375,3394450000,2575.2099609375
^GSPC,2017-10-23,2578.080078125,2578.2900390625,2564.330078125,2564.97998046875,3214470000,2564.97998046875
^GSPC,2017-10-24,2568.659912109375,2572.179931640625,2565.580078125,2569.1298828125,3435660000,2569.1298828125
^GSPC,2017-10-25,2566.52001953125,2567.39990234375,2544,2557.14990234375,3885470000,2557.14990234375
^GSPC,2017-10-26,2560.080078125,2567.070068359375,2559.800048828125,2560.39990234375,3891750000,2560.39990234375
^GSPC,2017-10-27,2570.260009765625,2582.97998046875,2565.93994140625,2581.070068359375,3896100000,2581.070068359375
^GSPC,2017-10-30,2577.75,2580.030029296875,2568.25,2572.830078125,3660230000,2572.830078125
^GSPC,2017-10-31,2575.989990234375,2578.2900390625,2572.14990234375,2575.260009765625,3844420000,2575.260009765625
^GSPC,2017-11-01,2583.2099609375,2588.39990234375,2574.919921875,2579.360107421875,3841200000,2579.360107421875
^GSPC,2017-11-02,2579.4599609375,2581.110107421875,2566.169921875,2579.85009765625,4050140000,2579.85009765625
^GSPC,2017-11-03,2581.929931640625,2588.419921875,2576.77001953125,2587.840087890625,3568710000,2587.840087890625
^GSPC,2017-11-06,2587.469970703125,2593.3798828125,2585.659912109375,2591.1298828125,3541970000,2591.1298828125
^GSPC,2017-11-07,2592.110107421875,2597.02001953125,2584.35009765625,2590.639892578125,3815190000,2590.639892578125
^GSPC,2017-11-08,2588.7099609375,2595.469970703125,2585.02001953125,2594.3798828125,3898450000,2594.3798828125
^GSPC,2017-11-09,2584,2586.5,2566.330078125,2584.6201171875,3844100000,2584.6201171875
^GSPC,2017-11-10,2580.179931640625,2583.81005859375,2575.570068359375,2582.300048828125,3489740000,2582.300048828125
^GSPC,2017-11-13,2576.530029296875,2587.659912109375,2574.47998046875,2584.840087890625,3405200000,2584.840087890625
^GSPC,2017-11-14,2577.75,2579.659912109375,2566.56005859375,2578.8701171875,3643580000,2578.8701171875
^GSPC,2017-11-15,2569.449951171875,2572.840087890625,2557.449951171875,2564.6201171875,3586590000,2564.6201171875
^GSPC,2017-11-16,2572.949951171875,2590.090087890625,2572.949951171875,2585.639892578125,3329730000,2585.639892578125
^GSPC,2017-11-17,2582.93994140625,2583.9599609375,2577.6201171875,2578.85009765625,3309800000,2578.85009765625
^GSPC,2017-11-20,2579.489990234375,2584.639892578125,2578.239990234375,2582.139892578125,3023940000,2582.139892578125
^GSPC,2017-11-21,2589.169921875,2601.18994140625,2589.169921875,2599.030029296875,3351230000,2599.030029296875
^GSPC,2017-11-22,2600.31005859375,2600.93994140625,2595.22998046875,2597.080078125,2764110000,2597.080078125
^GSPC,2017-11-24,2600.419921875,2604.2099609375,2600.419921875,2602.419921875,1385890000,2602.419921875
^GSPC,2017-11-27,2602.659912109375,2606.409912109375,2598.8701171875,2601.419921875,3017720000,2601.419921875
^GSPC,2017-11-28,2605.93994140625,2627.68994140625,2605.43994140625,2627.0400390625,3493340000,2627.0400390625
^GSPC,2017-11-29,2627.820068359375,2634.889892578125,2620.320068359375,2626.070068359375,4090630000,2626.070068359375
^GSPC,2017-11-30,2633.929931640625,2657.739990234375,2633.929931640625,2647.580078125,4965700000,2647.580078125
^GSPC,2017-12-01,2645.10009765625,2650.6201171875,2605.52001953125,2642.219970703125,3950930000,2642.219970703125
^GSPC,2017-12-04,2657.18994140625,2665.18994140625,2639.030029296875,2639.43994140625,4025840000,2639.43994140625
^GSPC,2017-12-05,2639.780029296875,2648.719970703125,2627.72998046875,2629.570068359375,3547570000,2629.570068359375
^GSPC,2017-12-06,2626.239990234375,2634.409912109375,2624.75,2629.27001953125,3253080000,2629.27001953125
^GSPC,2017-12-07,2628.3798828125,2640.989990234375,2626.530029296875,2636.97998046875,3297060000,2636.97998046875
^GSPC,2017-12-08,2646.2099609375,2651.64990234375,2644.10009765625,2651.5,3126750000,2651.5
^GSPC,2017-12-11,2652.18994140625,2660.330078125,2651.469970703125,2659.989990234375,3141480000,2659.989990234375
^GSPC,2017-12-12,2661.72998046875,2669.719970703125,2659.780029296875,2664.110107421875,3568910000,2664.110107421875
^GSPC,2017-12-13,2667.590087890625,2671.8798828125,2662.85009765625,2662.85009765625,3568360000,2662.85009765625
^GSPC,2017-12-14,2665.8701171875,2668.090087890625,2652.010009765625,2652.010009765625,3442760000,2652.010009765625
^GSPC,2017-12-15,2660.6298828125,2679.6298828125,2659.139892578125,2675.81005859375,5736910000,2675.81005859375
^GSPC,2017-12-18,2685.919921875,2694.969970703125,2685.919921875,2690.159912109375,3727770000,2690.159912109375
^GSPC,2017-12-19,2692.7099609375,2694.43994140625,2680.739990234375,2681.469970703125,3407680000,2681.469970703125
^GSPC,2017-12-20,2688.179931640625,2691.010009765625,2676.110107421875,2679.25,3246230000,2679.25
^GSPC,2017-12-21,2683.02001953125,2692.639892578125,2682.39990234375,2684.570068359375,3293130000,2684.570068359375
^GSPC,2017-12-22,2684.219970703125,2685.35009765625,2678.1298828125,2683.340087890625,2401030000,2683.340087890625
^GSPC,2017-12-26,2679.090087890625,2682.739990234375,2677.9599609375,2680.5,1970660000,2680.5
^GSPC,2017-12-27,2682.10009765625,2685.639892578125,2678.909912109375,2682.6201171875,2202900000,2682.6201171875
^GSPC,2017-12-28,2686.10009765625,2687.659912109375,2682.68994140625,2687.5400390625,2174890000,2687.5400390625
^GSPC,2017-12-29,2689.14990234375,2692.1201171875,2673.610107421875,2673.610107421875,2447760000,2673.610107421875
^GSPC,2018-01-02,2683.72998046875,2695.889892578125,2682.360107421875,2695.81005859375,3397430000,2695.81005859375
^GSPC,2018-01-03,2697.85009765625,2714.3701171875,2697.77001953125,2713.06005859375,3544030000,2713.06005859375
^GSPC,2018-01-04,2719.31005859375,2729.2900390625,2719.070068359375,2723.989990234375,3697340000,2723.989990234375
^GSPC,2018-01-05,2731.330078125,2743.449951171875,2727.919921875,2743.14990234375,3239280000,2743.14990234375
^GSPC,2018-01-08,2742.669921875,2748.510009765625,2737.60009765625,2747.7099609375,3246160000,2747.7099609375
^GSPC,2018-01-09,2751.14990234375,2759.139892578125,2747.860107421875,2751.2900390625,3467460000,2751.2900390625
^GSPC,2018-01-10,2745.550048828125,2750.800048828125,2736.06005859375,2748.22998046875,3579900000,2748.22998046875
^GSPC,2018-01-11,2752.969970703125,2767.56005859375,2752.780029296875,2767.56005859375,3645690000,2767.56005859375
^GSPC,2018-01-12,2770.179931640625,2787.85009765625,2769.639892578125,2786.239990234375,3587220000,2786.239990234375
^GSPC,2018-01-16,2798.9599609375,2807.5400390625,2768.639892578125,2776.419921875,4362880000,2776.419921875
^GSPC,2018-01-17,2784.989990234375,2807.0400390625,2778.3798828125,2802.56005859375,3790340000,2802.56005859375
^GSPC,2018-01-18,2802.39990234375,2805.830078125,2792.56005859375,2798.030029296875,3703300000,2798.030029296875
^GSPC,2018-01-19,2802.60009765625,2810.330078125,2798.080078125,2810.300048828125,3724230000,2810.300048828125
^GSPC,2018-01-22,2809.159912109375,2833.030029296875,2808.1201171875,2832.969970703125,3489480000,2832.969970703125
^GSPC,2018-01-23,2835.050048828125,2842.239990234375,2830.590087890625,2839.1298828125,3541140000,2839.1298828125
^GSPC,2018-01-24,2845.419921875,2852.969970703125,2824.81005859375,2837.5400390625,4079270000,2837.5400390625
^GSPC,2018-01-25,2846.239990234375,2848.56005859375,2830.93994140625,2839.25,3873100000,2839.25
^GSPC,2018-01-26,2847.47998046875,2872.8701171875,2846.179931640625,2872.8701171875,3474680000,2872.8701171875
^GSPC,2018-01-29,2867.22998046875,2870.6201171875,2851.47998046875,2853.530029296875,3587420000,2853.530029296875
^GSPC,2018-01-30,2832.739990234375,2837.75,2818.27001953125,2822.429931640625,4012070000,2822.429931640625
^GSPC,2018-01-31,2832.409912109375,2839.260009765625,2813.0400390625,2823.81005859375,4276270000,2823.81005859375
^GSPC,2018-02-01,2816.449951171875,2835.9599609375,2812.699951171875,2821.97998046875,3977380000,2821.97998046875
^GSPC,2018-02-02,2808.919921875,2808.919921875,2759.969970703125,2762.1298828125,4340220000,2762.1298828125
^GSPC,2018-02-05,2741.06005859375,2763.389892578125,2638.169921875,2648.93994140625,5310840000,2648.93994140625
^GSPC,2018-02-06,2614.780029296875,2701.0400390625,2593.070068359375,2695.139892578125,5917350000,2695.139892578125
^GSPC,2018-02-07,2690.949951171875,2727.669921875,2681.330078125,2681.659912109375,4646300000,2681.659912109375
^GSPC,2018-02-08,2685.010009765625,2685.27001953125,2580.56005859375,2581,5333840000,2581
^GSPC,2018-02-09,2601.780029296875,2638.669921875,2532.68994140625,2619.550048828125,5690110000,2619.550048828125
^GSPC,2018-02-12,2636.75,2672.610107421875,2622.449951171875,2656,4069220000,2656
^GSPC,2018-02-13,2646.27001953125,2668.840087890625,2637.080078125,2662.93994140625,3503540000,2662.93994140625
^GSPC,2018-02-14,2651.2099609375,2702.10009765625,2648.8701171875,2698.6298828125,4011940000,2698.6298828125
^GSPC,2018-02-15,2713.4599609375,2731.510009765625,2689.820068359375,2731.199951171875,3696140000,2731.199951171875
^GSPC,2018-02-16,2727.139892578125,2754.419921875,2725.110107421875,2732.219970703125,3646920000,2732.219970703125
^GSPC,2018-02-20,2722.989990234375,2737.60009765625,2706.760009765625,2716.260009765625,3646920000,2716.260009765625
^GSPC,2018-02-21,2720.530029296875,2747.75,2701.2900390625,2701.330078125,3789040000,2701.330078125
^GSPC,2018-02-22,2710.419921875,2731.260009765625,2697.77001953125,2703.9599609375,3720620000,2703.9599609375
^GSPC,2018-02-23,2715.800048828125,2747.760009765625,2713.739990234375,2747.300048828125,3200360000,2747.300048828125
^GSPC,2018-02-26,2757.3701171875,2780.639892578125,2753.780029296875,2779.60009765625,3436590000,2779.60009765625
^GSPC,2018-02-27,2780.449951171875,2789.14990234375,2744.219970703125,2744.280029296875,3752070000,2744.280029296875
^GSPC,2018-02-28,2753.780029296875,2761.52001953125,2713.5400390625,2713.830078125,4244570000,2713.830078125
^GSPC,2018-03-01,2715.219970703125,2730.889892578125,2659.64990234375,2677.669921875,4514490000,2677.669921875
^GSPC,2018-03-02,2658.889892578125,2696.25,2647.320068359375,2691.25,3891250000,2691.25
^GSPC,2018-03-05,2681.06005859375,2728.090087890625,2675.75,2720.93994140625,3733640000,2720.93994140625
^GSPC,2018-03-06,2730.179931640625,2732.080078125,2711.260009765625,2728.1201171875,3389030000,2728.1201171875
^GSPC,2018-03-07,2710.179931640625,2730.60009765625,2701.739990234375,2726.800048828125,3406690000,2726.800048828125
^GSPC,2018-03-08,2732.75,2740.449951171875,2722.64990234375,2738.969970703125,3206040000,2738.969970703125
^GSPC,2018-03-09,2752.909912109375,2786.570068359375,2751.5400390625,2786.570068359375,3376870000,2786.570068359375
^GSPC,2018-03-12,2790.5400390625,2796.97998046875,2779.260009765625,2783.02001953125,3216960000,2783.02001953125
^GSPC,2018-03-13,2792.31005859375,2801.89990234375,2758.679931640625,2765.31005859375,3324290000,2765.31005859375
^GSPC,2018-03-14,2774.06005859375,2777.110107421875,2744.3798828125,2749.47998046875,3394630000,2749.47998046875
^GSPC,2018-03-15,2754.27001953125,2763.030029296875,2741.469970703125,2747.330078125,3543710000,2747.330078125
^GSPC,2018-03-16,2750.570068359375,2761.85009765625,2749.969970703125,2752.010009765625,5429140000,2752.010009765625
^GSPC,2018-03-19,2741.3798828125,2741.3798828125,2694.590087890625,2712.919921875,3327460000,2712.919921875
^GSPC,2018-03-20,2715.050048828125,2724.219970703125,2710.050048828125,2716.93994140625,3272590000,2716.93994140625
^GSPC,2018-03-21,2714.989990234375,2739.139892578125,2709.7900390625,2711.929931640625,3434780000,2711.929931640625
^GSPC,2018-03-22,2691.360107421875,2695.679931640625,2641.590087890625,2643.68994140625,3765460000,2643.68994140625
^GSPC,2018-03-23,2646.7099609375,2657.669921875,2585.889892578125,2588.260009765625,3829380000,2588.260009765625
^GSPC,2018-03-26,2619.35009765625,2661.360107421875,2601.81005859375,2658.550048828125,3538080000,2658.550048828125
^GSPC,2018-03-27,2667.570068359375,2674.780029296875,2596.1201171875,2612.6201171875,3761320000,2612.6201171875
^GSPC,2018-03-28,2611.300048828125,2632.64990234375,2593.06005859375,2605,3875720000,2605
^GSPC,2018-03-29,2614.409912109375,2659.070068359375,2609.719970703125,2640.8701171875,3572360000,2640.8701171875
^GSPC,2018-04-02,2633.449951171875,2638.300048828125,2553.800048828125,2581.8798828125,3635780000,2581.8798828125
^GSPC,2018-04-03,2592.169921875,2619.139892578125,2575.489990234375,2614.449951171875,3395840000,2614.449951171875
^GSPC,2018-04-04,2584.0400390625,2649.860107421875,2573.610107421875,2644.68994140625,3369230000,2644.68994140625
^GSPC,2018-04-05,2657.360107421875,2672.080078125,2649.580078125,2662.840087890625,3230430000,2662.840087890625
^GSPC,2018-04-06,2645.820068359375,2656.8798828125,2586.27001953125,2604.469970703125,3312390000,2604.469970703125
^GSPC,2018-04-09,2617.179931640625,2653.550048828125,2610.7900390625,2613.159912109375,3076140000,2613.159912109375
^GSPC,2018-04-10,2638.409912109375,2665.449951171875,2635.780029296875,2656.8701171875,3579130000,2656.8701171875
^GSPC,2018-04-11,2643.889892578125,2661.429931640625,2639.25,2642.18994140625,3054520000,2642.18994140625
^GSPC,2018-04-12,2653.830078125,2674.719970703125,2653.830078125,2663.989990234375,3045330000,2663.989990234375
^GSPC,2018-04-13,2676.89990234375,2680.260009765625,2645.050048828125,2656.300048828125,2988540000,2656.300048828125
^GSPC,2018-04-16,2670.10009765625,2686.489990234375,2665.159912109375,2677.840087890625,3020740000,2677.840087890625
^GSPC,2018-04-17,2692.739990234375,2713.340087890625,2692.050048828125,2706.389892578125,3286190000,2706.389892578125
^GSPC,2018-04-18,2710.110107421875,2717.489990234375,2703.6298828125,2708.639892578125,3412030000,2708.639892578125
^GSPC,2018-04-19,2701.159912109375,2702.840087890625,2681.89990234375,2693.1298828125,3375120000,2693.1298828125
^GSPC,2018-04-20,2692.56005859375,2693.93994140625,2660.610107421875,2670.139892578125,3428260000,2670.139892578125
^GSPC,2018-04-23,2675.39990234375,2682.860107421875,2657.989990234375,2670.2900390625,3030390000,2670.2900390625
^GSPC,2018-04-24,2680.800048828125,2683.550048828125,2617.320068359375,2634.56005859375,3716020000,2634.56005859375
^GSPC,2018-04-25,2634.919921875,2645.300048828125,2612.669921875,2639.39990234375,3563680000,2639.39990234375
^GSPC,2018-04-26,2651.64990234375,2676.47998046875,2647.159912109375,2666.93994140625,3690920000,2666.93994140625
^GSPC,2018-04-27,2675.469970703125,2677.35009765625,2659.010009765625,2669.909912109375,3234510000,2669.909912109375
^GSPC,2018-04-30,2682.510009765625,2682.8701171875,2648.0400390625,2648.050048828125,3749510000,2648.050048828125
^GSPC,2018-05-01,2642.9599609375,2655.27001953125,2625.409912109375,2654.800048828125,3562820000,2654.800048828125
^GSPC,2018-05-02,2654.239990234375,2660.8701171875,2631.699951171875,2635.669921875,4047020000,2635.669921875
^GSPC,2018-05-03,2628.080078125,2637.139892578125,2594.6201171875,2629.72998046875,3867530000,2629.72998046875
^GSPC,2018-05-04,2621.449951171875,2670.929931640625,2615.320068359375,2663.419921875,3335260000,2663.419921875
^GSPC,2018-05-07,2680.340087890625,2683.35009765625,2664.699951171875,2672.6298828125,3266810000,2672.6298828125
^GSPC,2018-05-08,2670.260009765625,2676.340087890625,2655.199951171875,2671.919921875,3745100000,2671.919921875
^GSPC,2018-05-09,2678.1201171875,2701.27001953125,2674.139892578125,2697.7900390625,3913650000,2697.7900390625
^GSPC,2018-05-10,2705.02001953125,2726.110107421875,2704.5400390625,2723.070068359375,3380640000,2723.070068359375
^GSPC,2018-05-11,2722.699951171875,2732.860107421875,2717.449951171875,2727.719970703125,2874850000,2727.719970703125
^GSPC,2018-05-14,2738.469970703125,2742.10009765625,2725.469970703125,2730.1298828125,2994360000,2730.1298828125
^GSPC,2018-05-15,2718.590087890625,2718.590087890625,2701.909912109375,2711.449951171875,3291190000,2711.449951171875
^GSPC,2018-05-16,2712.6201171875,2727.760009765625,2712.169921875,2722.4599609375,3248480000,2722.4599609375
^GSPC,2018-05-17,2719.7099609375,2731.9599609375,2711.360107421875,2720.1298828125,3478150000,2720.1298828125
^GSPC,2018-05-18,2717.35009765625,2719.5,2709.179931640625,2712.969970703125,3383270000,2712.969970703125
^GSPC,2018-05-21,2735.389892578125,2739.18994140625,2725.699951171875,2733.010009765625,3053480000,2733.010009765625
^GSPC,2018-05-22,2738.340087890625,2742.239990234375,2721.8798828125,2724.43994140625,3384140000,2724.43994140625
^GSPC,2018-05-23,2713.97998046875,2733.330078125,2709.5400390625,2733.2900390625,3333160000,2733.2900390625
^GSPC,2018-05-24,2730.93994140625,2731.969970703125,2707.3798828125,2727.760009765625,3285750000,2727.760009765625
^GSPC,2018-05-25,2723.60009765625,2727.360107421875,2714.989990234375,2721.330078125,3015260000,2721.330078125
^GSPC,2018-05-29,2705.110107421875,2710.669921875,2676.81005859375,2689.860107421875,3743310000,2689.860107421875
^GSPC,2018-05-30,2702.429931640625,2729.340087890625,2702.429931640625,2724.010009765625,3566490000,2724.010009765625
^GSPC,2018-05-31,2720.97998046875,2722.5,2700.679931640625,2705.27001953125,4241100000,2705.27001953125
^GSPC,2018-06-01,2718.699951171875,2736.929931640625,2718.699951171875,2734.6201171875,3694310000,2734.6201171875
^GSPC,2018-06-04,2741.669921875,2749.159912109375,2740.5400390625,2746.8701171875,3410090000,2746.8701171875
^GSPC,2018-06-05,2748.4599609375,2752.610107421875,2739.510009765625,2748.800048828125,3523550000,2748.800048828125
^GSPC,2018-06-06,2753.25,2772.389892578125,2748.4599609375,2772.35009765625,3662780000,2772.35009765625
^GSPC,2018-06-07,2774.840087890625,2779.89990234375,2760.159912109375,2770.3701171875,3742080000,2770.3701171875
^GSPC,2018-06-08,2765.840087890625,2779.389892578125,2763.590087890625,2779.030029296875,3138850000,2779.030029296875
^GSPC,2018-06-11,2780.179931640625,2790.2099609375,2780.169921875,2782,3262130000,2782
^GSPC,2018-06-12,2785.60009765625,2789.800048828125,2778.780029296875,2786.85009765625,3435700000,2786.85009765625
^GSPC,2018-06-13,2787.93994140625,2791.469970703125,2774.64990234375,2775.6298828125,3820770000,2775.6298828125
^GSPC,2018-06-14,2783.2099609375,2789.06005859375,2776.52001953125,2782.489990234375,3540930000,2782.489990234375
^GSPC,2018-06-15,2777.780029296875,2782.81005859375,2761.72998046875,2779.659912109375,5451990000,2779.659912109375
^GSPC,2018-06-18,2765.7900390625,2774.989990234375,2757.1201171875,2773.75,3316120000,2773.75
^GSPC,2018-06-19,2752.010009765625,2765.050048828125,2743.18994140625,2762.590087890625,3671160000,2762.590087890625
^GSPC,2018-06-20,2769.72998046875,2774.860107421875,2763.909912109375,2767.320068359375,3332140000,2767.320068359375
^GSPC,2018-06-21,2769.280029296875,2769.280029296875,2744.389892578125,2749.760009765625,3336580000,2749.760009765625
^GSPC,2018-06-22,2760.7900390625,2764.169921875,2752.679931640625,2754.8798828125,5468110000,2754.8798828125
^GSPC,2018-06-25,2742.93994140625,2742.93994140625,2698.669921875,2717.070068359375,3663280000,2717.070068359375
^GSPC,2018-06-26,2722.1201171875,2732.909912109375,2715.60009765625,2723.06005859375,3568900000,2723.06005859375
^GSPC,2018-06-27,2728.449951171875,2746.090087890625,2699.3798828125,2699.6298828125,3803990000,2699.6298828125
^GSPC,2018-06-28,2698.68994140625,2724.340087890625,2691.989990234375,2716.31005859375,3461100000,2716.31005859375
^GSPC,2018-06-29,2727.1298828125,2743.260009765625,2718.030029296875,2718.3701171875,3586800000,2718.3701171875
^GSPC,2018-07-02,2704.949951171875,2727.260009765625,2698.949951171875,2726.7099609375,3095040000,2726.7099609375
^GSPC,2018-07-03,2733.27001953125,2736.580078125,2711.159912109375,2713.219970703125,1911460000,2713.219970703125
^GSPC,2018-07-05,2724.18994140625,2737.830078125,2716.02001953125,2736.610107421875,2980160000,2736.610107421875
^GSPC,2018-07-06,2737.679931640625,2764.409912109375,2733.52001953125,2759.820068359375,2590250000,2759.820068359375
^GSPC,2018-07-09,2775.6201171875,2784.64990234375,2770.72998046875,2784.169921875,3070060000,2784.169921875
^GSPC,2018-07-10,2788.56005859375,2795.580078125,2786.239990234375,2793.840087890625,3080140000,2793.840087890625
^GSPC,2018-07-11,2779.820068359375,2785.909912109375,2770.77001953125,2774.02001953125,2986180000,2774.02001953125
^GSPC,2018-07-12,2783.139892578125,2799.219970703125,2781.530029296875,2798.2900390625,2834230000,2798.2900390625
^GSPC,2018-07-13,2796.929931640625,2804.530029296875,2791.68994140625,2801.31005859375,2619790000,2801.31005859375
^GSPC,2018-07-16,2797.360107421875,2801.18994140625,2793.389892578125,2798.429931640625,2819860000,2798.429931640625
^GSPC,2018-07-17,2789.340087890625,2814.18994140625,2789.239990234375,2809.550048828125,3064920000,2809.550048828125
^GSPC,2018-07-18,2811.35009765625,2816.760009765625,2805.889892578125,2815.6201171875,3111560000,2815.6201171875
^GSPC,2018-07-19,2809.3701171875,2812.050048828125,2799.77001953125,2804.489990234375,3278360000,2804.489990234375
^GSPC,2018-07-20,2804.550048828125,2809.699951171875,2800.010009765625,2801.830078125,3243250000,2801.830078125
^GSPC,2018-07-23,2799.169921875,2808.610107421875,2795.139892578125,2806.97998046875,2928490000,2806.97998046875
^GSPC,2018-07-24,2820.679931640625,2829.989990234375,2811.1201171875,2820.39990234375,3430410000,2820.39990234375
^GSPC,2018-07-25,2817.72998046875,2848.030029296875,2817.72998046875,2846.070068359375,3584400000,2846.070068359375
^GSPC,2018-07-26,2835.489990234375,2845.570068359375,2835.260009765625,2837.43994140625,3667290000,2837.43994140625
^GSPC,2018-07-27,2842.35009765625,2843.169921875,2808.340087890625,2818.820068359375,3434370000,2818.820068359375
^GSPC,2018-07-30,2819,2821.739990234375,2798.110107421875,2802.60009765625,3261190000,2802.60009765625
^GSPC,2018-07-31,2809.72998046875,2824.4599609375,2808.06005859375,2816.2900390625,3906890000,2816.2900390625
^GSPC,2018-08-01,2821.169921875,2825.830078125,2805.85009765625,2813.360107421875,3501350000,2813.360107421875
^GSPC,2018-08-02,2800.47998046875,2829.909912109375,2796.340087890625,2827.219970703125,3501380000,2827.219970703125
^GSPC,2018-08-03,2829.6201171875,2840.3798828125,2827.3701171875,2840.35009765625,3043690000,2840.35009765625
^GSPC,2018-08-06,2840.2900390625,2853.2900390625,2835.97998046875,2850.39990234375,2879020000,2850.39990234375
^GSPC,2018-08-07,2855.919921875,2863.429931640625,2855.919921875,2858.449951171875,3185440000,2858.449951171875
^GSPC,2018-08-08,2856.7900390625,2862.43994140625,2853.090087890625,2857.699951171875,2978070000,2857.699951171875
^GSPC,2018-08-09,2857.18994140625,2862.47998046875,2851.97998046875,2853.580078125,3066180000,2853.580078125
^GSPC,2018-08-10,2838.89990234375,2842.199951171875,2825.81005859375,2833.280029296875,3265590000,2833.280029296875
^GSPC,2018-08-13,2835.4599609375,2843.39990234375,2819.8798828125,2821.929931640625,3173630000,2821.929931640625
^GSPC,2018-08-14,2827.8798828125,2843.110107421875,2826.580078125,2839.9599609375,2986500000,2839.9599609375
^GSPC,2018-08-15,2827.949951171875,2827.949951171875,2802.489990234375,2818.3701171875,3656680000,2818.3701171875
^GSPC,2018-08-16,2831.43994140625,2850.489990234375,2831.43994140625,2840.68994140625,3232000000,2840.68994140625
^GSPC,2018-08-17,2838.320068359375,2855.6298828125,2833.72998046875,2850.1298828125,3037640000,2850.1298828125
^GSPC,2018-08-20,2853.929931640625,2859.760009765625,2850.6201171875,2857.050048828125,2757150000,2857.050048828125
^GSPC,2018-08-21,2861.510009765625,2873.22998046875,2861.320068359375,2862.9599609375,3174010000,2862.9599609375
^GSPC,2018-08-22,2860.989990234375,2867.5400390625,2856.050048828125,2861.820068359375,2701250000,2861.820068359375
^GSPC,2018-08-23,2860.2900390625,2868.780029296875,2854.030029296875,2856.97998046875,2724450000,2856.97998046875
^GSPC,2018-08-24,2862.35009765625,2876.159912109375,2862.35009765625,2874.68994140625,2603010000,2874.68994140625
^GSPC,2018-08-27,2884.68994140625,2898.25,2884.68994140625,2896.739990234375,2865070000,2896.739990234375
^GSPC,2018-08-28,2901.449951171875,2903.77001953125,2893.5,2897.52001953125,2687770000,2897.52001953125
^GSPC,2018-08-29,2900.6201171875,2916.5,2898.39990234375,2914.0400390625,2805520000,2914.0400390625
^GSPC,2018-08-30,2908.93994140625,2912.4599609375,2895.219970703125,2901.1298828125,2810450000,2901.1298828125
^GSPC,2018-08-31,2898.3701171875,2906.320068359375,2891.72998046875,2901.52001953125,2887220000,2901.52001953125
^GSPC,2018-09-04,2896.9599609375,2900.179931640625,2885.1298828125,2896.719970703125,3087420000,2896.719970703125
^GSPC,2018-09-05,2891.590087890625,2894.2099609375,2876.919921875,2888.60009765625,3248780000,2888.60009765625
^GSPC,2018-09-06,2888.639892578125,2892.050048828125,2867.2900390625,2878.050048828125,3144240000,2878.050048828125
^GSPC,2018-09-07,2868.260009765625,2883.81005859375,2864.1201171875,2871.679931640625,2976580000,2871.679931640625
^GSPC,2018-09-10,2881.389892578125,2886.929931640625,2875.93994140625,2877.1298828125,2751100000,2877.1298828125
^GSPC,2018-09-11,2871.570068359375,2892.52001953125,2866.780029296875,2887.889892578125,2904500000,2887.889892578125
^GSPC,2018-09-12,2888.2900390625,2894.64990234375,2879.199951171875,2888.919921875,3341280000,2888.919921875
^GSPC,2018-09-13,2896.85009765625,2906.760009765625,2896.389892578125,2904.179931640625,3274090000,2904.179931640625
^GSPC,2018-09-14,2906.3798828125,2908.300048828125,2895.77001953125,2904.97998046875,3179410000,2904.97998046875
^GSPC,2018-09-17,2903.830078125,2904.64990234375,2886.159912109375,2888.800048828125,2967980000,2888.800048828125
^GSPC,2018-09-18,2890.739990234375,2911.169921875,2890.429931640625,2904.31005859375,3091190000,2904.31005859375
^GSPC,2018-09-19,2906.60009765625,2912.360107421875,2903.820068359375,2907.949951171875,3302460000,2907.949951171875
^GSPC,2018-09-20,2919.72998046875,2934.800048828125,2919.72998046875,2930.75,3406520000,2930.75
^GSPC,2018-09-21,2936.760009765625,2940.909912109375,2927.110107421875,2929.669921875,5652470000,2929.669921875
^GSPC,2018-09-24,2921.830078125,2923.7900390625,2912.6298828125,2919.3701171875,3392030000,2919.3701171875
^GSPC,2018-09-25,2921.75,2923.949951171875,2913.699951171875,2915.56005859375,3330880000,2915.56005859375
^GSPC,2018-09-26,2916.97998046875,2931.14990234375,2903.280029296875,2905.969970703125,3417540000,2905.969970703125
^GSPC,2018-09-27,2911.64990234375,2927.219970703125,2909.27001953125,2914,3101360000,2914
^GSPC,2018-09-28,2910.030029296875,2920.530029296875,2907.5,2913.97998046875,3461680000,2913.97998046875
^GSPC,2018-10-01,2926.2900390625,2937.06005859375,2917.909912109375,2924.590087890625,3375890000,2924.590087890625
^GSPC,2018-10-02,2923.800048828125,2931.419921875,2919.3701171875,2923.429931640625,3432620000,2923.429931640625
^GSPC,2018-10-03,2931.68994140625,2939.860107421875,2921.360107421875,2925.510009765625,3625510000,2925.510009765625
^GSPC,2018-10-04,2919.35009765625,2919.780029296875,2883.919921875,2901.610107421875,3510370000,2901.610107421875
^GSPC,2018-10-05,2902.5400390625,2909.639892578125,2869.2900390625,2885.570068359375,3340820000,2885.570068359375
^GSPC,2018-10-08,2877.530029296875,2889.449951171875,2862.080078125,2884.429931640625,3381820000,2884.429931640625
^GSPC,2018-10-09,2882.510009765625,2894.830078125,2874.27001953125,2880.340087890625,3531690000,2880.340087890625
^GSPC,2018-10-10,2873.89990234375,2874.02001953125,2784.860107421875,2785.679931640625,4554260000,2785.679931640625
^GSPC,2018-10-11,2776.8701171875,2795.139892578125,2710.510009765625,2728.3701171875,4914090000,2728.3701171875
^GSPC,2018-10-12,2770.5400390625,2775.77001953125,2729.43994140625,2767.1298828125,4024010000,2767.1298828125
^GSPC,2018-10-15,2763.830078125,2775.989990234375,2749.030029296875,2750.7900390625,3327160000,2750.7900390625
^GSPC,2018-10-16,2767.050048828125,2813.4599609375,2766.909912109375,2809.919921875,3460260000,2809.919921875
^GSPC,2018-10-17,2811.669921875,2816.93994140625,2781.81005859375,2809.2099609375,3347090000,2809.2099609375
^GSPC,2018-10-18,2802,2806.0400390625,2755.179931640625,2768.780029296875,3639300000,2768.780029296875
^GSPC,2018-10-19,2775.659912109375,2797.77001953125,2760.27001953125,2767.780029296875,3593940000,2767.780029296875
^GSPC,2018-10-22,2773.93994140625,2778.93994140625,2749.219970703125,2755.8798828125,3331270000,2755.8798828125
^GSPC,2018-10-23,2721.030029296875,2753.590087890625,2691.429931640625,2740.68994140625,4373710000,2740.68994140625
^GSPC,2018-10-24,2737.8701171875,2742.590087890625,2651.889892578125,2656.10009765625,4738670000,2656.10009765625
^GSPC,2018-10-25,2674.8798828125,2722.699951171875,2667.840087890625,2705.570068359375,4663930000,2705.570068359375
^GSPC,2018-10-26,2667.860107421875,2692.3798828125,2628.159912109375,2658.68994140625,4804330000,2658.68994140625
^GSPC,2018-10-29,2682.64990234375,2706.85009765625,2603.5400390625,2641.25,4701260000,2641.25
^GSPC,2018-10-30,2640.679931640625,2685.429931640625,2635.340087890625,2682.6298828125,5125600000,2682.6298828125
^GSPC,2018-10-31,2705.60009765625,2736.68994140625,2705.60009765625,2711.739990234375,5133380000,2711.739990234375
^GSPC,2018-11-01,2717.580078125,2741.669921875,2708.85009765625,2740.3701171875,4730250000,2740.3701171875
^GSPC,2018-11-02,2745.449951171875,2756.550048828125,2700.43994140625,2723.06005859375,4261230000,2723.06005859375
^GSPC,2018-11-05,2726.3701171875,2744.27001953125,2717.93994140625,2738.31005859375,3650910000,2738.31005859375
^GSPC,2018-11-06,2738.39990234375,2756.820068359375,2737.080078125,2755.449951171875,3543800000,2755.449951171875
^GSPC,2018-11-07,2774.1298828125,2815.14990234375,2774.1298828125,2813.889892578125,3929080000,2813.889892578125
^GSPC,2018-11-08,2806.3798828125,2814.75,2794.989990234375,2806.830078125,3673550000,2806.830078125
^GSPC,2018-11-09,2794.10009765625,2794.10009765625,2764.239990234375,2781.010009765625,4029030000,2781.010009765625
^GSPC,2018-11-12,2773.929931640625,2775.989990234375,2722,2726.219970703125,3701570000,2726.219970703125
^GSPC,2018-11-13,2730.050048828125,2754.60009765625,2714.97998046875,2722.179931640625,4112820000,2722.179931640625
^GSPC,2018-11-14,2737.89990234375,2746.800048828125,2685.75,2701.580078125,4449060000,2701.580078125
^GSPC,2018-11-15,2693.52001953125,2735.3798828125,2670.75,2730.199951171875,4204960000,2730.199951171875
^GSPC,2018-11-16,2718.5400390625,2746.75,2712.159912109375,2736.27001953125,3996970000,2736.27001953125
^GSPC,2018-11-19,2730.739990234375,2733.159912109375,2681.090087890625,2690.72998046875,3806940000,2690.72998046875
^GSPC,2018-11-20,2654.60009765625,2669.43994140625,2631.52001953125,2641.889892578125,4370820000,2641.889892578125
^GSPC,2018-11-21,2657.739990234375,2670.72998046875,2649.820068359375,2649.929931640625,3237400000,2649.929931640625
^GSPC,2018-11-23,2633.360107421875,2647.550048828125,2631.090087890625,2632.56005859375,1651680000,2632.56005859375
^GSPC,2018-11-26,2649.969970703125,2674.35009765625,2649.969970703125,2673.449951171875,3523520000,2673.449951171875
^GSPC,2018-11-27,2663.75,2682.530029296875,2655.889892578125,2682.169921875,3494380000,2682.169921875
^GSPC,2018-11-28,2691.449951171875,2744,2684.3798828125,2743.7900390625,3984540000,2743.7900390625
^GSPC,2018-11-29,2736.969970703125,2753.75,2722.93994140625,2737.800048828125,3599200000,2737.800048828125
^GSPC,2018-11-30,2737.760009765625,2760.8798828125,2732.760009765625,2760.169921875,4668310000,2760.169921875
^GSPC,2018-12-03,2790.5,2800.179931640625,2773.3798828125,2790.3701171875,4221580000,2790.3701171875
^GSPC,2018-12-04,2782.429931640625,2785.929931640625,2697.179931640625,2700.06005859375,4515710000,2700.06005859375
^GSPC,2018-12-06,2663.510009765625,2696.14990234375,2621.530029296875,2695.949951171875,5180430000,2695.949951171875
^GSPC,2018-12-07,2691.260009765625,2708.5400390625,2623.139892578125,2633.080078125,4242240000,2633.080078125
^GSPC,2018-12-10,2630.860107421875,2647.510009765625,2583.22998046875,2637.719970703125,4162880000,2637.719970703125
^GSPC,2018-12-11,2664.43994140625,2674.35009765625,2621.300048828125,2636.780029296875,3963440000,2636.780029296875
^GSPC,2018-12-12,2658.22998046875,2685.43994140625,2650.260009765625,2651.070068359375,4029300000,2651.070068359375
^GSPC,2018-12-13,2658.699951171875,2670.18994140625,2637.27001953125,2650.5400390625,3978340000,2650.5400390625
^GSPC,2018-12-14,2629.679931640625,2635.070068359375,2593.840087890625,2599.949951171875,4064370000,2599.949951171875
^GSPC,2018-12-17,2590.75,2601.1298828125,2530.5400390625,2545.93994140625,4661420000,2545.93994140625
^GSPC,2018-12-18,2559.89990234375,2573.989990234375,2528.7099609375,2546.159912109375,4519190000,2546.159912109375
^GSPC,2018-12-19,2547.050048828125,2585.2900390625,2488.9599609375,2506.9599609375,5152830000,2506.9599609375
^GSPC,2018-12-20,2496.77001953125,2509.6298828125,2441.179931640625,2467.419921875,5619780000,2467.419921875
^GSPC,2018-12-21,2465.3798828125,2504.409912109375,2408.550048828125,2416.6201171875,7657890000,2416.6201171875
^GSPC,2018-12-24,2400.56005859375,2410.340087890625,2351.10009765625,2351.10009765625,2613670000,2351.10009765625
^GSPC,2018-12-26,2363.1201171875,2467.760009765625,2346.580078125,2467.699951171875,4249740000,2467.699951171875
^GSPC,2018-12-27,2442.5,2489.10009765625,2397.93994140625,2488.830078125,4139010000,2488.830078125
^GSPC,2018-12-28,2498.77001953125,2520.27001953125,2472.889892578125,2485.739990234375,3728440000,2485.739990234375
^GSPC,2018-12-31,2498.93994140625,2509.239990234375,2482.820068359375,2506.85009765625,3461920000,2506.85009765625
^GSPC,2019-01-02,2476.9599609375,2519.489990234375,2467.469970703125,2510.030029296875,3733160000,2510.030029296875
^GSPC,2019-01-03,2491.919921875,2493.139892578125,2443.9599609375,2447.889892578125,3858830000,2447.889892578125
^GSPC,2019-01-04,2474.330078125,2538.070068359375,2474.330078125,2531.93994140625,4234140000,2531.93994140625
^GSPC,2019-01-07,2535.610107421875,2566.159912109375,2524.56005859375,2549.68994140625,4133120000,2549.68994140625
^GSPC,2019-01-08,2568.110107421875,2579.820068359375,2547.56005859375,2574.409912109375,4120060000,2574.409912109375
^GSPC,2019-01-09,2580,2595.320068359375,2568.889892578125,2584.9599609375,4088740000,2584.9599609375
^GSPC,2019-01-10,2573.510009765625,2597.820068359375,2562.02001953125,2596.639892578125,3721300000,2596.639892578125
^GSPC,2019-01-11,2588.110107421875,2596.27001953125,2577.39990234375,2596.260009765625,3447460000,2596.260009765625
^GSPC,2019-01-14,2580.31005859375,2589.320068359375,2570.409912109375,2582.610107421875,3689370000,2582.610107421875
^GSPC,2019-01-15,2585.10009765625,2613.080078125,2585.10009765625,2610.300048828125,3601180000,2610.300048828125
^GSPC,2019-01-16,2614.75,2625.760009765625,2612.679931640625,2616.10009765625,3882180000,2616.10009765625
^GSPC,2019-01-17,2609.280029296875,2645.06005859375,2606.360107421875,2635.9599609375,3802410000,2635.9599609375
^GSPC,2019-01-18,2651.27001953125,2675.469970703125,2647.580078125,2670.7099609375,4009010000,2670.7099609375
^GSPC,2019-01-22,2657.8798828125,2657.8798828125,2617.27001953125,2632.89990234375,3923950000,2632.89990234375
^GSPC,2019-01-23,2643.47998046875,2653.18994140625,2612.860107421875,2638.699951171875,3358770000,2638.699951171875
^GSPC,2019-01-24,2638.840087890625,2647.199951171875,2627.010009765625,2642.330078125,3449230000,2642.330078125
^GSPC,2019-01-25,2657.43994140625,2672.3798828125,2657.330078125,2664.760009765625,3821000000,2664.760009765625
^GSPC,2019-01-28,2644.969970703125,2644.969970703125,2624.06005859375,2643.85009765625,3630820000,2643.85009765625
^GSPC,2019-01-29,2644.889892578125,2650.929931640625,2631.050048828125,2640,3518070000,2640
^GSPC,2019-01-30,2653.6201171875,2690.43994140625,2648.340087890625,2681.050048828125,3883270000,2681.050048828125
^GSPC,2019-01-31,2685.489990234375,2708.949951171875,2678.64990234375,2704.10009765625,4953800000,2704.10009765625
^GSPC,2019-02-01,2702.320068359375,2716.659912109375,2696.8798828125,2706.530029296875,3782490000,2706.530029296875
^GSPC,2019-02-04,2706.489990234375,2724.989990234375,2698.75,2724.8701171875,3369450000,2724.8701171875
^GSPC,2019-02-05,2728.340087890625,2738.97998046875,2724.030029296875,2737.699951171875,3597620000,2737.699951171875
^GSPC,2019-02-06,2735.050048828125,2738.080078125,2724.14990234375,2731.610107421875,3486590000,2731.610107421875
^GSPC,2019-02-07,2717.530029296875,2719.320068359375,2687.260009765625,2706.050048828125,4114040000,2706.050048828125
^GSPC,2019-02-08,2692.360107421875,2708.070068359375,2681.830078125,2707.8798828125,3649510000,2707.8798828125
^GSPC,2019-02-11,2712.39990234375,2718.050048828125,2703.7900390625,2709.800048828125,3395330000,2709.800048828125
^GSPC,2019-02-12,2722.610107421875,2748.18994140625,2722.610107421875,2744.72998046875,3843020000,2744.72998046875
^GSPC,2019-02-13,2750.300048828125,2761.85009765625,2748.6298828125,2753.030029296875,3684910000,2753.030029296875
^GSPC,2019-02-14,2743.5,2757.89990234375,2731.22998046875,2745.72998046875,3845390000,2745.72998046875
^GSPC,2019-02-15,2760.239990234375,2775.659912109375,2760.239990234375,2775.60009765625,3648680000,2775.60009765625
^GSPC,2019-02-19,2769.280029296875,2787.330078125,2767.2900390625,2779.760009765625,3535270000,2779.760009765625
^GSPC,2019-02-20,2779.050048828125,2789.8798828125,2774.06005859375,2784.699951171875,3904830000,2784.699951171875
^GSPC,2019-02-21,2780.239990234375,2781.580078125,2764.550048828125,2774.8798828125,3598260000,2774.8798828125
^GSPC,2019-02-22,2780.669921875,2794.199951171875,2779.110107421875,2792.669921875,3429350000,2792.669921875
^GSPC,2019-02-25,2804.35009765625,2813.489990234375,2794.989990234375,2796.110107421875,3860260000,2796.110107421875
^GSPC,2019-02-26,2792.360107421875,2803.1201171875,2789.469970703125,2793.89990234375,3676200000,2793.89990234375
^GSPC,2019-02-27,2787.5,2795.760009765625,2775.1298828125,2792.3798828125,3771790000,2792.3798828125
^GSPC,2019-02-28,2788.110107421875,2793.72998046875,2782.510009765625,2784.489990234375,4445780000,2784.489990234375
^GSPC,2019-03-01,2798.219970703125,2808.02001953125,2787.3798828125,2803.68994140625,3994950000,2803.68994140625
^GSPC,2019-03-04,2814.3701171875,2816.8798828125,2767.659912109375,2792.81005859375,3949730000,2792.81005859375
^GSPC,2019-03-05,2794.409912109375,2796.43994140625,2782.969970703125,2789.64990234375,3631380000,2789.64990234375
^GSPC,2019-03-06,2790.27001953125,2790.27001953125,2768.68994140625,2771.449951171875,3800180000,2771.449951171875
^GSPC,2019-03-07,2766.530029296875,2767.25,2739.090087890625,2748.929931640625,3932150000,2748.929931640625
^GSPC,2019-03-08,2730.7900390625,2744.1298828125,2722.27001953125,2743.070068359375,3424300000,2743.070068359375
^GSPC,2019-03-11,2747.610107421875,2784,2747.610107421875,2783.300048828125,3764850000,2783.300048828125
^GSPC,2019-03-12,2787.340087890625,2798.320068359375,2786.72998046875,2791.52001953125,3432340000,2791.52001953125
^GSPC,2019-03-13,2799.780029296875,2821.239990234375,2799.780029296875,2810.919921875,3782250000,2810.919921875
^GSPC,2019-03-14,2810.3798828125,2815,2803.4599609375,2808.47998046875,3505670000,2808.47998046875
^GSPC,2019-03-15,2810.7900390625,2830.72998046875,2810.7900390625,2822.47998046875,5969780000,2822.47998046875
^GSPC,2019-03-18,2822.610107421875,2835.409912109375,2821.989990234375,2832.93994140625,3620770000,2832.93994140625
^GSPC,2019-03-19,2840.760009765625,2852.419921875,2823.27001953125,2832.570068359375,3650740000,2832.570068359375
^GSPC,2019-03-20,2831.340087890625,2843.5400390625,2812.429931640625,2824.22998046875,3779160000,2824.22998046875
^GSPC,2019-03-21,2819.719970703125,2860.31005859375,2817.3798828125,2854.8798828125,3612620000,2854.8798828125
^GSPC,2019-03-22,2844.52001953125,2846.159912109375,2800.469970703125,2800.7099609375,4253730000,2800.7099609375
^GSPC,2019-03-25,2796.010009765625,2809.7900390625,2785.02001953125,2798.360107421875,3406110000,2798.360107421875
^GSPC,2019-03-26,2812.659912109375,2829.8701171875,2803.989990234375,2818.4599609375,3288570000,2818.4599609375
^GSPC,2019-03-27,2819.719970703125,2825.56005859375,2787.719970703125,2805.3701171875,3422400000,2805.3701171875
^GSPC,2019-03-28,2809.39990234375,2819.7099609375,2798.77001953125,2815.43994140625,3185460000,2815.43994140625
^GSPC,2019-03-29,2828.27001953125,2836.030029296875,2819.22998046875,2834.39990234375,3752520000,2834.39990234375
^GSPC,2019-04-01,2848.6298828125,2869.39990234375,2848.6298828125,2867.18994140625,3560090000,2867.18994140625
^GSPC,2019-04-02,2868.239990234375,2872.89990234375,2858.75,2867.239990234375,3267210000,2867.239990234375
^GSPC,2019-04-03,2876.090087890625,2885.25,2865.169921875,2873.39990234375,3570000000,2873.39990234375
^GSPC,2019-04-04,2873.989990234375,2881.280029296875,2867.139892578125,2879.389892578125,3038740000,2879.389892578125
^GSPC,2019-04-05,2884.159912109375,2893.239990234375,2882.989990234375,2892.739990234375,3155970000,2892.739990234375
^GSPC,2019-04-08,2888.4599609375,2895.949951171875,2880.780029296875,2895.77001953125,3056460000,2895.77001953125
^GSPC,2019-04-09,2886.580078125,2886.8798828125,2873.330078125,2878.199951171875,3032480000,2878.199951171875
^GSPC,2019-04-10,2881.3701171875,2889.7099609375,2879.1298828125,2888.2099609375,3092230000,2888.2099609375
^GSPC,2019-04-11,2891.919921875,2893.419921875,2881.989990234375,2888.320068359375,2970650000,2888.320068359375
^GSPC,2019-04-12,2900.860107421875,2910.5400390625,2898.3701171875,2907.409912109375,3726050000,2907.409912109375
^GSPC,2019-04-15,2908.320068359375,2909.60009765625,2896.47998046875,2905.580078125,3114530000,2905.580078125
^GSPC,2019-04-16,2912.260009765625,2916.06005859375,2900.7099609375,2907.06005859375,3403120000,2907.06005859375
^GSPC,2019-04-17,2916.0400390625,2918,2895.449951171875,2900.449951171875,3648100000,2900.449951171875
^GSPC,2019-04-18,2904.81005859375,2908.39990234375,2891.89990234375,2905.030029296875,3507100000,2905.030029296875
^GSPC,2019-04-22,2898.780029296875,2909.510009765625,2896.35009765625,2907.969970703125,3010130000,2907.969970703125
^GSPC,2019-04-23,2909.989990234375,2936.31005859375,2908.530029296875,2933.679931640625,3674480000,2933.679931640625
^GSPC,2019-04-24,2934,2936.830078125,2926.050048828125,2927.25,3468480000,2927.25
^GSPC,2019-04-25,2928.989990234375,2933.10009765625,2912.840087890625,2926.169921875,3440010000,2926.169921875
^GSPC,2019-04-26,2925.81005859375,2939.8798828125,2917.56005859375,2939.8798828125,3264390000,2939.8798828125
^GSPC,2019-04-29,2940.580078125,2949.52001953125,2939.35009765625,2943.030029296875,3150390000,2943.030029296875
^GSPC,2019-04-30,2937.139892578125,2948.219970703125,2924.110107421875,2945.830078125,3939760000,2945.830078125
^GSPC,2019-05-01,2952.330078125,2954.1298828125,2923.360107421875,2923.72998046875,3669330000,2923.72998046875
^GSPC,2019-05-02,2922.159912109375,2931.679931640625,2900.5,2917.52001953125,3802290000,2917.52001953125
^GSPC,2019-05-03,2929.2099609375,2947.85009765625,2929.2099609375,2945.639892578125,3357180000,2945.639892578125
^GSPC,2019-05-06,2908.889892578125,2937.320068359375,2898.2099609375,2932.469970703125,3203260000,2932.469970703125
^GSPC,2019-05-07,2913.030029296875,2913.030029296875,2862.60009765625,2884.050048828125,3793060000,2884.050048828125
^GSPC,2019-05-08,2879.610107421875,2897.9599609375,2873.280029296875,2879.419921875,3543110000,2879.419921875
^GSPC,2019-05-09,2859.840087890625,2875.969970703125,2836.39990234375,2870.719970703125,3659050000,2870.719970703125
^GSPC,2019-05-10,2863.10009765625,2891.31005859375,2825.389892578125,2881.39990234375,3566780000,2881.39990234375
^GSPC,2019-05-13,2840.18994140625,2840.18994140625,2801.429931640625,2811.8701171875,3900270000,2811.8701171875
^GSPC,2019-05-14,2820.1201171875,2852.5400390625,2820.1201171875,2834.409912109375,3354860000,2834.409912109375
^GSPC,2019-05-15,2820.3798828125,2858.679931640625,2815.080078125,2850.9599609375,3140900000,2850.9599609375
^GSPC,2019-05-16,2855.800048828125,2892.14990234375,2855.800048828125,2876.320068359375,3338470000,2876.320068359375
^GSPC,2019-05-17,2858.60009765625,2885.47998046875,2854.22998046875,2859.530029296875,3316040000,2859.530029296875
^GSPC,2019-05-20,2841.93994140625,2853.860107421875,2831.2900390625,2840.22998046875,3293750000,2840.22998046875
^GSPC,2019-05-21,2854.02001953125,2868.8798828125,2854.02001953125,2864.360107421875,3223050000,2864.360107421875
^GSPC,2019-05-22,2856.06005859375,2865.469970703125,2851.110107421875,2856.27001953125,3194000000,2856.27001953125
^GSPC,2019-05-23,2836.699951171875,2836.699951171875,2805.489990234375,2822.239990234375,3899320000,2822.239990234375
^GSPC,2019-05-24,2832.409912109375,2841.360107421875,2820.18994140625,2826.06005859375,2889230000,2826.06005859375
^GSPC,2019-05-28,2830.030029296875,2840.510009765625,2801.580078125,2802.389892578125,4146980000,2802.389892578125
^GSPC,2019-05-29,2790.25,2792.030029296875,2766.06005859375,2783.02001953125,3701110000,2783.02001953125
^GSPC,2019-05-30,2786.93994140625,2799,2776.739990234375,2788.860107421875,3276030000,2788.860107421875
^GSPC,2019-05-31,2766.14990234375,2768.97998046875,2750.52001953125,2752.06005859375,3982670000,2752.06005859375
^GSPC,2019-06-03,2751.530029296875,2763.070068359375,2728.81005859375,2744.449951171875,3952360000,2744.449951171875
^GSPC,2019-06-04,2762.639892578125,2804.489990234375,2762.639892578125,2803.27001953125,3814130000,2803.27001953125
^GSPC,2019-06-05,2818.090087890625,2827.280029296875,2800.919921875,2826.14990234375,3570760000,2826.14990234375
^GSPC,2019-06-06,2828.510009765625,2852.10009765625,2822.449951171875,2843.489990234375,3445140000,2843.489990234375
^GSPC,2019-06-07,2852.8701171875,2884.969970703125,2852.8701171875,2873.340087890625,3244380000,2873.340087890625
^GSPC,2019-06-10,2885.830078125,2904.77001953125,2885.510009765625,2886.72998046875,3209890000,2886.72998046875
^GSPC,2019-06-11,2903.27001953125,2910.610107421875,2878.530029296875,2885.719970703125,3551000000,2885.719970703125
^GSPC,2019-06-12,2882.72998046875,2888.570068359375,2874.679931640625,2879.840087890625,3039870000,2879.840087890625
^GSPC,2019-06-13,2886.239990234375,2895.239990234375,2881.989990234375,2891.639892578125,3100640000,2891.639892578125
^GSPC,2019-06-14,2886.820068359375,2894.449951171875,2879.6201171875,2886.97998046875,2992810000,2886.97998046875
^GSPC,2019-06-17,2889.75,2897.27001953125,2887.300048828125,2889.669921875,2828400000,2889.669921875
^GSPC,2019-06-18,2906.7099609375,2930.7900390625,2905.43994140625,2917.75,3441540000,2917.75
^GSPC,2019-06-19,2920.550048828125,2931.739990234375,2911.429931640625,2926.4599609375,3300220000,2926.4599609375
^GSPC,2019-06-20,2949.60009765625,2958.06005859375,2931.5,2954.179931640625,3943060000,2954.179931640625
^GSPC,2019-06-21,2952.7099609375,2964.14990234375,2946.8701171875,2950.4599609375,5003540000,2950.4599609375
^GSPC,2019-06-24,2951.419921875,2954.919921875,2944.050048828125,2945.35009765625,3136960000,2945.35009765625
^GSPC,2019-06-25,2945.780029296875,2946.52001953125,2916.010009765625,2917.3798828125,3579430000,2917.3798828125
^GSPC,2019-06-26,2926.070068359375,2932.590087890625,2912.989990234375,2913.780029296875,3511350000,2913.780029296875
^GSPC,2019-06-27,2919.659912109375,2929.300048828125,2918.570068359375,2924.919921875,3162500000,2924.919921875
^GSPC,2019-06-28,2932.93994140625,2943.97998046875,2929.050048828125,2941.760009765625,5422650000,2941.760009765625
^GSPC,2019-07-01,2971.409912109375,2977.929931640625,2952.219970703125,2964.330078125,3524860000,2964.330078125
^GSPC,2019-07-02,2964.659912109375,2973.2099609375,2955.919921875,2973.010009765625,3224490000,2973.010009765625
^GSPC,2019-07-03,2978.080078125,2995.840087890625,2977.9599609375,2995.820068359375,1963570000,2995.820068359375
^GSPC,2019-07-05,2984.25,2994.030029296875,2967.969970703125,2990.409912109375,2434680000,2990.409912109375
^GSPC,2019-07-08,2979.77001953125,2980.760009765625,2970.090087890625,2975.949951171875,2922360000,2975.949951171875
^GSPC,2019-07-09,2965.52001953125,2981.89990234375,2963.43994140625,2979.6298828125,3033330000,2979.6298828125
^GSPC,2019-07-10,2989.300048828125,3002.97998046875,2984.6201171875,2993.070068359375,3157800000,2993.070068359375
^GSPC,2019-07-11,2999.6201171875,3002.330078125,2988.800048828125,2999.909912109375,3155710000,2999.909912109375
^GSPC,2019-07-12,3003.360107421875,3013.919921875,3001.8701171875,3013.77001953125,2984140000,3013.77001953125
^GSPC,2019-07-15,3017.800048828125,3017.800048828125,3008.77001953125,3014.300048828125,2876100000,3014.300048828125
^GSPC,2019-07-16,3012.1298828125,3015.02001953125,3001.14990234375,3004.0400390625,3297030000,3004.0400390625
^GSPC,2019-07-17,3005.10009765625,3005.260009765625,2984.25,2984.419921875,3185650000,2984.419921875
^GSPC,2019-07-18,2978.8701171875,2998.280029296875,2973.090087890625,2995.110107421875,3369820000,2995.110107421875
^GSPC,2019-07-19,3004.260009765625,3006.02001953125,2975.860107421875,2976.610107421875,3285890000,2976.610107421875
^GSPC,2019-07-22,2981.929931640625,2990.7099609375,2976.64990234375,2985.030029296875,3016200000,2985.030029296875
^GSPC,2019-07-23,2994.739990234375,3005.89990234375,2988.56005859375,3005.469970703125,3333810000,3005.469970703125
^GSPC,2019-07-24,2998.77001953125,3019.590087890625,2996.820068359375,3019.56005859375,3433220000,3019.56005859375
^GSPC,2019-07-25,3016.260009765625,3016.31005859375,2997.239990234375,3003.669921875,3657050000,3003.669921875
^GSPC,2019-07-26,3013.25,3027.97998046875,3012.590087890625,3025.860107421875,3260170000,3025.860107421875
^GSPC,2019-07-29,3024.469970703125,3025.610107421875,3014.300048828125,3020.969970703125,3224490000,3020.969970703125
^GSPC,2019-07-30,3007.659912109375,3017.18994140625,3000.93994140625,3013.179931640625,3632770000,3013.179931640625
^GSPC,2019-07-31,3016.219970703125,3017.39990234375,2958.080078125,2980.3798828125,4626330000,2980.3798828125
^GSPC,2019-08-01,2980.320068359375,3013.590087890625,2945.22998046875,2953.56005859375,4793810000,2953.56005859375
^GSPC,2019-08-02,2943.89990234375,2945.5,2914.110107421875,2932.050048828125,3882810000,2932.050048828125
^GSPC,2019-08-05,2898.070068359375,2898.070068359375,2822.1201171875,2844.739990234375,4542850000,2844.739990234375
^GSPC,2019-08-06,2861.179931640625,2884.39990234375,2847.419921875,2881.77001953125,4156640000,2881.77001953125
^GSPC,2019-08-07,2858.64990234375,2892.169921875,2825.7099609375,2883.97998046875,4512720000,2883.97998046875
^GSPC,2019-08-08,2896.2099609375,2938.719970703125,2894.469970703125,2938.090087890625,4118530000,2938.090087890625
^GSPC,2019-08-09,2930.510009765625,2935.75,2900.14990234375,2918.64990234375,3356850000,2918.64990234375
^GSPC,2019-08-12,2907.070068359375,2907.580078125,2873.139892578125,2882.699951171875,3328570000,2882.699951171875
^GSPC,2019-08-13,2880.719970703125,2943.31005859375,2877.050048828125,2926.320068359375,3857190000,2926.320068359375
^GSPC,2019-08-14,2894.14990234375,2894.14990234375,2839.639892578125,2840.60009765625,4325150000,2840.60009765625
^GSPC,2019-08-15,2846.199951171875,2856.669921875,2825.510009765625,2847.60009765625,4041720000,2847.60009765625
^GSPC,2019-08-16,2864.739990234375,2893.6298828125,2864.739990234375,2888.679931640625,3524080000,2888.679931640625
^GSPC,2019-08-19,2913.47998046875,2931,2913.47998046875,2923.64990234375,3221050000,2923.64990234375
^GSPC,2019-08-20,2919.010009765625,2923.6298828125,2899.60009765625,2900.510009765625,3067710000,2900.510009765625
^GSPC,2019-08-21,2922.0400390625,2928.72998046875,2917.909912109375,2924.429931640625,3016540000,2924.429931640625
^GSPC,2019-08-22,2930.93994140625,2939.080078125,2904.510009765625,2922.949951171875,2893660000,2922.949951171875
^GSPC,2019-08-23,2911.070068359375,2927.010009765625,2834.969970703125,2847.110107421875,3942520000,2847.110107421875
^GSPC,2019-08-26,2866.699951171875,2879.27001953125,2856,2878.3798828125,2859790000,2878.3798828125
^GSPC,2019-08-27,2893.139892578125,2898.7900390625,2860.590087890625,2869.159912109375,3537490000,2869.159912109375
^GSPC,2019-08-28,2861.280029296875,2890.030029296875,2853.050048828125,2887.93994140625,3102480000,2887.93994140625
^GSPC,2019-08-29,2910.3701171875,2930.5,2905.669921875,2924.580078125,3177150000,2924.580078125
^GSPC,2019-08-30,2937.090087890625,2940.429931640625,2913.320068359375,2926.4599609375,3009910000,2926.4599609375
^GSPC,2019-09-03,2909.010009765625,2914.389892578125,2891.85009765625,2906.27001953125,3427830000,2906.27001953125
^GSPC,2019-09-04,2924.669921875,2938.840087890625,2921.860107421875,2937.780029296875,3167900000,2937.780029296875
^GSPC,2019-09-05,2960.60009765625,2985.860107421875,2960.60009765625,2976,3902600000,2976
^GSPC,2019-09-06,2980.330078125,2985.030029296875,2972.510009765625,2978.7099609375,3209340000,2978.7099609375
^GSPC,2019-09-09,2988.429931640625,2989.429931640625,2969.389892578125,2978.429931640625,4031120000,2978.429931640625
^GSPC,2019-09-10,2971.010009765625,2979.389892578125,2957.010009765625,2979.389892578125,4393040000,2979.389892578125
^GSPC,2019-09-11,2981.409912109375,3000.929931640625,2975.31005859375,3000.929931640625,3934370000,3000.929931640625
^GSPC,2019-09-12,3009.080078125,3020.739990234375,3000.919921875,3009.570068359375,3796990000,3009.570068359375
^GSPC,2019-09-13,3012.2099609375,3017.330078125,3002.89990234375,3007.389892578125,3557010000,3007.389892578125
^GSPC,2019-09-16,2996.409912109375,3002.18994140625,2990.669921875,2997.9599609375,4285860000,2997.9599609375
^GSPC,2019-09-17,2995.669921875,3006.2099609375,2993.72998046875,3005.699951171875,3673250000,3005.699951171875
^GSPC,2019-09-18,3001.5,3007.830078125,2978.570068359375,3006.72998046875,3458800000,3006.72998046875
^GSPC,2019-09-19,3010.360107421875,3021.989990234375,3003.159912109375,3006.7900390625,3265660000,3006.7900390625
^GSPC,2019-09-20,3008.419921875,3016.3701171875,2984.679931640625,2992.070068359375,6103440000,2992.070068359375
^GSPC,2019-09-23,2983.5,2999.14990234375,2982.22998046875,2991.780029296875,3187250000,2991.780029296875
^GSPC,2019-09-24,3002.429931640625,3007.97998046875,2957.72998046875,2966.60009765625,3872800000,2966.60009765625
^GSPC,2019-09-25,2968.35009765625,2989.820068359375,2952.860107421875,2984.8701171875,3331200000,2984.8701171875
^GSPC,2019-09-26,2985.72998046875,2987.280029296875,2963.7099609375,2977.6201171875,3084910000,2977.6201171875
^GSPC,2019-09-27,2985.469970703125,2987.31005859375,2945.530029296875,2961.7900390625,3246480000,2961.7900390625
^GSPC,2019-09-30,2967.070068359375,2983.85009765625,2967.070068359375,2976.739990234375,3249130000,2976.739990234375
^GSPC,2019-10-01,2983.68994140625,2992.530029296875,2938.699951171875,2940.25,3560750000,2940.25
^GSPC,2019-10-02,2924.780029296875,2924.780029296875,2874.929931640625,2887.610107421875,3914180000,2887.610107421875
^GSPC,2019-10-03,2885.3798828125,2911.1298828125,2855.93994140625,2910.6298828125,3515130000,2910.6298828125
^GSPC,2019-10-04,2918.56005859375,2953.739990234375,2918.56005859375,2952.010009765625,3005600000,2952.010009765625
^GSPC,2019-10-07,2944.22998046875,2959.75,2935.679931640625,2938.7900390625,2959050000,2938.7900390625
^GSPC,2019-10-08,2920.39990234375,2925.469970703125,2892.659912109375,2893.06005859375,3370700000,2893.06005859375
^GSPC,2019-10-09,2911.10009765625,2929.320068359375,2907.409912109375,2919.39990234375,2735350000,2919.39990234375
^GSPC,2019-10-10,2918.550048828125,2948.4599609375,2917.1201171875,2938.1298828125,3234400000,2938.1298828125
^GSPC,2019-10-11,2963.070068359375,2993.280029296875,2963.070068359375,2970.27001953125,3581320000,2970.27001953125
^GSPC,2019-10-14,2965.81005859375,2972.840087890625,2962.93994140625,2966.14990234375,2559270000,2966.14990234375
^GSPC,2019-10-15,2973.610107421875,3003.280029296875,2973.610107421875,2995.679931640625,3345090000,2995.679931640625
^GSPC,2019-10-16,2989.679931640625,2997.5400390625,2985.199951171875,2989.68994140625,3230320000,2989.68994140625
^GSPC,2019-10-17,3000.77001953125,3008.2900390625,2991.7900390625,2997.949951171875,3103470000,2997.949951171875
^GSPC,2019-10-18,2996.840087890625,3000,2976.31005859375,2986.199951171875,3268970000,2986.199951171875
^GSPC,2019-10-21,2996.47998046875,3007.330078125,2995.35009765625,3006.719970703125,3271960000,3006.719970703125
^GSPC,2019-10-22,3010.72998046875,3014.570068359375,2995.0400390625,2995.989990234375,3527540000,2995.989990234375
^GSPC,2019-10-23,2994.010009765625,3004.780029296875,2991.2099609375,3004.52001953125,3413600000,3004.52001953125
^GSPC,2019-10-24,3014.780029296875,3016.070068359375,3000.419921875,3010.2900390625,3696510000,3010.2900390625
^GSPC,2019-10-25,3003.320068359375,3027.389892578125,3001.93994140625,3022.550048828125,3379060000,3022.550048828125
^GSPC,2019-10-28,3032.1201171875,3044.080078125,3032.1201171875,3039.419921875,3524970000,3039.419921875
^GSPC,2019-10-29,3035.389892578125,3047.8701171875,3034.81005859375,3036.889892578125,3594430000,3036.889892578125
^GSPC,2019-10-30,3039.739990234375,3050.10009765625,3025.9599609375,3046.77001953125,3779660000,3046.77001953125
^GSPC,2019-10-31,3046.89990234375,3046.89990234375,3023.18994140625,3037.56005859375,4149310000,3037.56005859375
^GSPC,2019-11-01,3050.719970703125,3066.949951171875,3050.719970703125,3066.909912109375,3956290000,3066.909912109375
^GSPC,2019-11-04,3078.9599609375,3085.199951171875,3074.8701171875,3078.27001953125,4178040000,3078.27001953125
^GSPC,2019-11-05,3080.800048828125,3083.949951171875,3072.14990234375,3074.6201171875,4490590000,3074.6201171875
^GSPC,2019-11-06,3075.10009765625,3078.340087890625,3065.889892578125,3076.780029296875,4465510000,3076.780029296875
^GSPC,2019-11-07,3087.02001953125,3097.77001953125,3080.22998046875,3085.179931640625,4151990000,3085.179931640625
^GSPC,2019-11-08,3081.25,3093.090087890625,3073.580078125,3093.080078125,3508160000,3093.080078125
^GSPC,2019-11-11,3080.330078125,3088.330078125,3075.820068359375,3087.010009765625,3041120000,3087.010009765625
^GSPC,2019-11-12,3089.280029296875,3102.610107421875,3084.72998046875,3091.840087890625,3495560000,3091.840087890625
^GSPC,2019-11-13,3084.179931640625,3098.06005859375,3078.800048828125,3094.0400390625,3513720000,3094.0400390625
^GSPC,2019-11-14,3090.75,3098.199951171875,3083.260009765625,3096.6298828125,3282090000,3096.6298828125
^GSPC,2019-11-15,3107.919921875,3120.4599609375,3104.60009765625,3120.4599609375,3359800000,3120.4599609375
^GSPC,2019-11-18,3117.909912109375,3124.169921875,3112.06005859375,3122.030029296875,3440140000,3122.030029296875
^GSPC,2019-11-19,3127.449951171875,3127.639892578125,3113.469970703125,3120.179931640625,3613670000,3120.179931640625
^GSPC,2019-11-20,3114.659912109375,3118.969970703125,3091.409912109375,3108.4599609375,4041010000,3108.4599609375
^GSPC,2019-11-21,3108.489990234375,3110.110107421875,3094.550048828125,3103.5400390625,3744010000,3103.5400390625
^GSPC,2019-11-22,3111.409912109375,3112.8701171875,3099.260009765625,3110.2900390625,3235270000,3110.2900390625
^GSPC,2019-11-25,3117.43994140625,3133.830078125,3117.43994140625,3133.639892578125,3514310000,3133.639892578125
^GSPC,2019-11-26,3134.85009765625,3142.68994140625,3131,3140.52001953125,4600450000,3140.52001953125
^GSPC,2019-11-27,3145.489990234375,3154.260009765625,3143.409912109375,3153.6298828125,3035470000,3153.6298828125
^GSPC,2019-11-29,3147.179931640625,3150.300048828125,3139.340087890625,3140.97998046875,1743420000,3140.97998046875
^GSPC,2019-12-02,3143.85009765625,3144.31005859375,3110.780029296875,3113.8701171875,3285750000,3113.8701171875
^GSPC,2019-12-03,3087.409912109375,3094.969970703125,3070.330078125,3093.199951171875,3671580000,3093.199951171875
^GSPC,2019-12-04,3103.5,3119.3798828125,3102.530029296875,3112.760009765625,3702980000,3112.760009765625
^GSPC,2019-12-05,3119.2099609375,3119.449951171875,3103.760009765625,3117.429931640625,3360480000,3117.429931640625
^GSPC,2019-12-06,3134.6201171875,3150.60009765625,3134.6201171875,3145.909912109375,3483310000,3145.909912109375
^GSPC,2019-12-09,3141.860107421875,3148.8701171875,3135.4599609375,3135.9599609375,3400470000,3135.9599609375
^GSPC,2019-12-10,3135.360107421875,3142.1201171875,3126.090087890625,3132.52001953125,3346310000,3132.52001953125
^GSPC,2019-12-11,3135.75,3143.97998046875,3133.2099609375,3141.6298828125,3257650000,3141.6298828125
^GSPC,2019-12-12,3141.22998046875,3176.280029296875,3138.469970703125,3168.570068359375,4003200000,3168.570068359375
^GSPC,2019-12-13,3166.64990234375,3182.679931640625,3156.510009765625,3168.800048828125,3757650000,3168.800048828125
^GSPC,2019-12-16,3183.6298828125,3197.7099609375,3183.6298828125,3191.449951171875,4070200000,3191.449951171875
^GSPC,2019-12-17,3195.39990234375,3198.219970703125,3191.030029296875,3192.52001953125,3842940000,3192.52001953125
^GSPC,2019-12-18,3195.2099609375,3198.47998046875,3191.139892578125,3191.139892578125,4029950000,3191.139892578125
^GSPC,2019-12-19,3192.320068359375,3205.47998046875,3192.320068359375,3205.3701171875,3784360000,3205.3701171875
^GSPC,2019-12-20,3223.330078125,3225.64990234375,3216.030029296875,3221.219970703125,6457480000,3221.219970703125
^GSPC,2019-12-23,3226.050048828125,3227.780029296875,3222.300048828125,3224.010009765625,3064530000,3224.010009765625
^GSPC,2019-12-24,3225.449951171875,3226.429931640625,3220.510009765625,3223.3798828125,1296530000,3223.3798828125
^GSPC,2019-12-26,3227.199951171875,3240.080078125,3227.199951171875,3239.909912109375,2164540000,3239.909912109375
^GSPC,2019-12-27,3247.22998046875,3247.929931640625,3234.3701171875,3240.02001953125,2429150000,3240.02001953125
^GSPC,2019-12-30,3240.090087890625,3240.919921875,3216.570068359375,3221.2900390625,3021720000,3221.2900390625
^GSPC,2019-12-31,3215.179931640625,3231.719970703125,3212.030029296875,3230.780029296875,2894760000,3230.780029296875
^GSPC,2020-01-02,3244.669921875,3258.139892578125,3235.530029296875,3257.85009765625,3459930000,3257.85009765625
^GSPC,2020-01-03,3226.360107421875,3246.14990234375,3222.340087890625,3234.85009765625,3484700000,3234.85009765625
^GSPC,2020-01-06,3217.550048828125,3246.840087890625,3214.639892578125,3246.280029296875,3702460000,3246.280029296875
^GSPC,2020-01-07,3241.860107421875,3244.909912109375,3232.429931640625,3237.179931640625,3435910000,3237.179931640625
^GSPC,2020-01-08,3238.590087890625,3267.070068359375,3236.669921875,3253.050048828125,3726840000,3253.050048828125
^GSPC,2020-01-09,3266.030029296875,3275.580078125,3263.669921875,3274.699951171875,3641230000,3274.699951171875
^GSPC,2020-01-10,3281.81005859375,3282.989990234375,3260.860107421875,3265.35009765625,3214580000,3265.35009765625
^GSPC,2020-01-13,3271.1298828125,3288.1298828125,3268.429931640625,3288.1298828125,3459390000,3288.1298828125
^GSPC,2020-01-14,3285.35009765625,3294.25,3277.18994140625,3283.14990234375,3687620000,3283.14990234375
^GSPC,2020-01-15,3282.27001953125,3298.659912109375,3280.68994140625,3289.2900390625,3721490000,3289.2900390625
^GSPC,2020-01-16,3302.969970703125,3317.110107421875,3302.820068359375,3316.81005859375,3540580000,3316.81005859375
^GSPC,2020-01-17,3323.659912109375,3329.8798828125,3318.860107421875,3329.6201171875,3726220000,3329.6201171875
^GSPC,2020-01-21,3321.030029296875,3329.7900390625,3316.610107421875,3320.7900390625,4104840000,3320.7900390625
^GSPC,2020-01-22,3330.02001953125,3337.77001953125,3320.0400390625,3321.75,3623780000,3321.75
^GSPC,2020-01-23,3315.77001953125,3326.8798828125,3301.8701171875,3325.5400390625,3766710000,3325.5400390625
^GSPC,2020-01-24,3333.10009765625,3333.179931640625,3281.530029296875,3295.469970703125,3708780000,3295.469970703125
^GSPC,2020-01-27,3247.159912109375,3258.85009765625,3234.5,3243.6298828125,3831050000,3243.6298828125
^GSPC,2020-01-28,3255.35009765625,3285.780029296875,3253.219970703125,3276.239990234375,3531570000,3276.239990234375
^GSPC,2020-01-29,3289.4599609375,3293.469970703125,3271.889892578125,3273.39990234375,3600250000,3273.39990234375
^GSPC,2020-01-30,3256.449951171875,3285.909912109375,3242.800048828125,3283.659912109375,3790350000,3283.659912109375
^GSPC,2020-01-31,3282.330078125,3282.330078125,3214.679931640625,3225.52001953125,4529700000,3225.52001953125
^GSPC,2020-02-03,3235.659912109375,3268.43994140625,3235.659912109375,3248.919921875,3760460000,3248.919921875
^GSPC,2020-02-04,3280.610107421875,3306.919921875,3280.610107421875,3297.590087890625,3996900000,3297.590087890625
^GSPC,2020-02-05,3324.909912109375,3337.580078125,3313.75,3334.68994140625,4121480000,3334.68994140625
^GSPC,2020-02-06,3344.919921875,3347.9599609375,3334.389892578125,3345.780029296875,3887250000,3345.780029296875
^GSPC,2020-02-07,3335.5400390625,3341.419921875,3322.1201171875,3327.7099609375,3733920000,3327.7099609375
^GSPC,2020-02-10,3318.280029296875,3352.260009765625,3317.77001953125,3352.090087890625,3462730000,3352.090087890625
^GSPC,2020-02-11,3365.8701171875,3375.6298828125,3352.719970703125,3357.75,3762940000,3357.75
^GSPC,2020-02-12,3370.5,3381.469970703125,3369.719970703125,3379.449951171875,3930910000,3379.449951171875
^GSPC,2020-02-13,3365.89990234375,3385.090087890625,3360.52001953125,3373.93994140625,3500890000,3373.93994140625
^GSPC,2020-02-14,3378.080078125,3380.68994140625,3366.14990234375,3380.159912109375,3419700000,3380.159912109375
^GSPC,2020-02-18,3369.0400390625,3375.010009765625,3355.610107421875,3370.2900390625,3750400000,3370.2900390625
^GSPC,2020-02-19,3380.389892578125,3393.52001953125,3378.830078125,3386.14990234375,3614200000,3386.14990234375
^GSPC,2020-02-20,3380.449951171875,3389.14990234375,3341.02001953125,3373.22998046875,4019180000,3373.22998046875
^GSPC,2020-02-21,3360.5,3360.760009765625,3328.449951171875,3337.75,3908780000,3337.75
^GSPC,2020-02-24,3257.610107421875,3259.81005859375,3214.64990234375,3225.889892578125,4851160000,3225.889892578125
^GSPC,2020-02-25,3238.93994140625,3246.989990234375,3118.77001953125,3128.2099609375,5596760000,3128.2099609375
^GSPC,2020-02-26,3139.89990234375,3182.510009765625,3108.989990234375,3116.389892578125,5484650000,3116.389892578125
^GSPC,2020-02-27,3062.5400390625,3097.070068359375,2977.389892578125,2978.760009765625,7064710000,2978.760009765625
^GSPC,2020-02-28,2916.89990234375,2959.719970703125,2855.840087890625,2954.219970703125,8569570000,2954.219970703125
^GSPC,2020-03-02,2974.280029296875,3090.9599609375,2945.18994140625,3090.22998046875,6381330000,3090.22998046875
^GSPC,2020-03-03,3096.4599609375,3136.719970703125,2976.6298828125,3003.3701171875,6376510000,3003.3701171875
^GSPC,2020-03-04,3045.75,3130.969970703125,3034.3798828125,3130.1201171875,5073020000,3130.1201171875
^GSPC,2020-03-05,3075.699951171875,3083.0400390625,2999.830078125,3023.93994140625,5579290000,3023.93994140625
^GSPC,2020-03-06,2954.199951171875,2985.929931640625,2901.5400390625,2972.3701171875,6555240000,2972.3701171875
^GSPC,2020-03-09,2863.889892578125,2863.889892578125,2734.429931640625,2746.56005859375,8441290000,2746.56005859375
^GSPC,2020-03-10,2813.47998046875,2882.590087890625,2734,2882.22998046875,7642040000,2882.22998046875
^GSPC,2020-03-11,2825.60009765625,2825.60009765625,2707.219970703125,2741.3798828125,7431200000,2741.3798828125
^GSPC,2020-03-12,2630.860107421875,2660.949951171875,2478.860107421875,2480.639892578125,8850810000,2480.639892578125
^GSPC,2020-03-13,2569.989990234375,2711.330078125,2492.3701171875,2711.02001953125,8299070000,2711.02001953125
^GSPC,2020-03-16,2508.590087890625,2562.97998046875,2380.93994140625,2386.1298828125,7805450000,2386.1298828125
^GSPC,2020-03-17,2425.659912109375,2553.929931640625,2367.0400390625,2529.18994140625,8370250000,2529.18994140625
^GSPC,2020-03-18,2436.5,2453.570068359375,2280.52001953125,2398.10009765625,8799300000,2398.10009765625
^GSPC,2020-03-19,2393.47998046875,2466.969970703125,2319.780029296875,2409.389892578125,7956100000,2409.389892578125
^GSPC,2020-03-20,2431.93994140625,2453.010009765625,2295.56005859375,2304.919921875,9053950000,2304.919921875
^GSPC,2020-03-23,2290.7099609375,2300.72998046875,2191.860107421875,2237.39990234375,7411380000,2237.39990234375
^GSPC,2020-03-24,2344.43994140625,2449.7099609375,2344.43994140625,2447.330078125,7563150000,2447.330078125
^GSPC,2020-03-25,2457.77001953125,2571.419921875,2407.530029296875,2475.56005859375,8300010000,2475.56005859375
^GSPC,2020-03-26,2501.2900390625,2637.010009765625,2500.719970703125,2630.070068359375,7766990000,2630.070068359375
^GSPC,2020-03-27,2555.8701171875,2615.909912109375,2520.02001953125,2541.469970703125,6201670000,2541.469970703125
^GSPC,2020-03-30,2558.97998046875,2631.800048828125,2545.280029296875,2626.64990234375,5751120000,2626.64990234375
^GSPC,2020-03-31,2614.68994140625,2641.389892578125,2571.14990234375,2584.590087890625,6576210000,2584.590087890625
^GSPC,2020-04-01,2498.080078125,2522.75,2447.489990234375,2470.5,5964000000,2470.5
^GSPC,2020-04-02,2458.5400390625,2533.219970703125,2455.7900390625,2526.89990234375,6464190000,2526.89990234375
^GSPC,2020-04-03,2514.919921875,2538.179931640625,2459.9599609375,2488.64990234375,6096970000,2488.64990234375
^GSPC,2020-04-06,2578.280029296875,2676.85009765625,2574.570068359375,2663.679931640625,6403840000,2663.679931640625
^GSPC,2020-04-07,2738.64990234375,2756.889892578125,2657.669921875,2659.409912109375,7050410000,2659.409912109375
^GSPC,2020-04-08,2685,2760.75,2663.300048828125,2749.97998046875,5875710000,2749.97998046875
^GSPC,2020-04-09,2776.989990234375,2818.570068359375,2762.360107421875,2789.820068359375,7899550000,2789.820068359375
^GSPC,2020-04-13,2782.4599609375,2782.4599609375,2721.169921875,2761.6298828125,5319530000,2761.6298828125
^GSPC,2020-04-14,2805.10009765625,2851.85009765625,2805.10009765625,2846.06005859375,5615730000,2846.06005859375
^GSPC,2020-04-15,2795.639892578125,2801.8798828125,2761.5400390625,2783.360107421875,5208000000,2783.360107421875
^GSPC,2020-04-16,2799.340087890625,2806.510009765625,2764.320068359375,2799.550048828125,5228810000,2799.550048828125
^GSPC,2020-04-17,2842.429931640625,2879.219970703125,2830.8798828125,2874.56005859375,5804810000,2874.56005859375
^GSPC,2020-04-20,2845.6201171875,2868.97998046875,2820.429931640625,2823.159912109375,5228630000,2823.159912109375
^GSPC,2020-04-21,2784.81005859375,2785.5400390625,2727.10009765625,2736.56005859375,5121010000,2736.56005859375
^GSPC,2020-04-22,2787.889892578125,2815.10009765625,2775.949951171875,2799.31005859375,5084920000,2799.31005859375
^GSPC,2020-04-23,2810.419921875,2844.89990234375,2794.260009765625,2797.800048828125,5773530000,2797.800048828125
^GSPC,2020-04-24,2812.639892578125,2842.7099609375,2791.760009765625,2836.739990234375,5382810000,2836.739990234375
^GSPC,2020-04-27,2854.64990234375,2887.719970703125,2852.889892578125,2878.47998046875,5203930000,2878.47998046875
^GSPC,2020-04-28,2909.9599609375,2921.14990234375,2860.7099609375,2863.389892578125,5691160000,2863.389892578125
^GSPC,2020-04-29,2918.4599609375,2954.860107421875,2912.159912109375,2939.510009765625,6645640000,2939.510009765625
^GSPC,2020-04-30,2930.909912109375,2930.909912109375,2892.469970703125,2912.429931640625,6544980000,2912.429931640625
^GSPC,2020-05-01,2869.090087890625,2869.090087890625,2821.610107421875,2830.7099609375,4759810000,2830.7099609375
^GSPC,2020-05-04,2815.010009765625,2844.239990234375,2797.85009765625,2842.739990234375,4735930000,2842.739990234375
^GSPC,2020-05-05,2868.8798828125,2898.22998046875,2863.550048828125,2868.43994140625,5140290000,2868.43994140625
^GSPC,2020-05-06,2883.139892578125,2891.110107421875,2847.64990234375,2848.419921875,4892570000,2848.419921875
^GSPC,2020-05-07,2878.260009765625,2901.919921875,2876.47998046875,2881.18994140625,5178790000,2881.18994140625
^GSPC,2020-05-08,2908.830078125,2932.159912109375,2902.8798828125,2929.800048828125,4876030000,2929.800048828125
^GSPC,2020-05-11,2915.4599609375,2944.25,2903.43994140625,2930.18994140625,4819730000,2930.18994140625
^GSPC,2020-05-12,2939.5,2945.820068359375,2869.590087890625,2870.1201171875,5119630000,2870.1201171875
^GSPC,2020-05-13,2865.860107421875,2874.139892578125,2793.14990234375,2820,6151650000,2820
^GSPC,2020-05-14,2794.5400390625,2852.800048828125,2766.639892578125,2852.5,5651130000,2852.5
^GSPC,2020-05-15,2829.949951171875,2865.010009765625,2816.780029296875,2863.699951171875,5507700000,2863.699951171875
^GSPC,2020-05-18,2913.860107421875,2968.090087890625,2913.860107421875,2953.909912109375,6373670000,2953.909912109375
^GSPC,2020-05-19,2948.590087890625,2964.2099609375,2922.35009765625,2922.93994140625,4984330000,2922.93994140625
^GSPC,2020-05-20,2953.6298828125,2980.2900390625,2953.6298828125,2971.610107421875,5005380000,2971.610107421875
^GSPC,2020-05-21,2969.949951171875,2978.5,2938.570068359375,2948.510009765625,4976620000,2948.510009765625
^GSPC,2020-05-22,2948.050048828125,2956.760009765625,2933.590087890625,2955.449951171875,3970860000,2955.449951171875
^GSPC,2020-05-26,3004.080078125,3021.719970703125,2988.169921875,2991.77001953125,5848500000,2991.77001953125
^GSPC,2020-05-27,3015.64990234375,3036.25,2969.75,3036.1298828125,6398000000,3036.1298828125
^GSPC,2020-05-28,3046.610107421875,3068.669921875,3023.39990234375,3029.72998046875,5447020000,3029.72998046875
^GSPC,2020-05-29,3025.169921875,3049.169921875,2998.610107421875,3044.31005859375,7297550000,3044.31005859375
^GSPC,2020-06-01,3038.780029296875,3062.179931640625,3031.5400390625,3055.72998046875,4684170000,3055.72998046875
^GSPC,2020-06-02,3064.780029296875,3081.070068359375,3051.639892578125,3080.820068359375,5197150000,3080.820068359375
^GSPC,2020-06-03,3098.89990234375,3130.93994140625,3098.89990234375,3122.8701171875,6005560000,3122.8701171875
^GSPC,2020-06-04,3111.56005859375,3128.909912109375,3090.409912109375,3112.35009765625,6451290000,3112.35009765625
^GSPC,2020-06-05,3163.840087890625,3211.719970703125,3163.840087890625,3193.929931640625,8639300000,3193.929931640625
^GSPC,2020-06-08,3199.919921875,3233.1298828125,3196,3232.389892578125,8498300000,3232.389892578125
^GSPC,2020-06-09,3213.320068359375,3222.7099609375,3193.110107421875,3207.179931640625,6410930000,3207.179931640625
^GSPC,2020-06-10,3213.419921875,3223.27001953125,3181.489990234375,3190.139892578125,6598870000,3190.139892578125
^GSPC,2020-06-11,3123.530029296875,3123.530029296875,2999.489990234375,3002.10009765625,7037320000,3002.10009765625
^GSPC,2020-06-12,3071.0400390625,3088.419921875,2984.469970703125,3041.31005859375,5845330000,3041.31005859375
^GSPC,2020-06-15,2993.760009765625,3079.760009765625,2965.659912109375,3066.590087890625,5757480000,3066.590087890625
^GSPC,2020-06-16,3131,3153.449951171875,3076.06005859375,3124.739990234375,5845810000,3124.739990234375
^GSPC,2020-06-17,3136.1298828125,3141.159912109375,3108.030029296875,3113.489990234375,4560450000,3113.489990234375
^GSPC,2020-06-18,3101.639892578125,3120,3093.510009765625,3115.340087890625,4448690000,3115.340087890625
^GSPC,2020-06-19,3140.2900390625,3155.530029296875,3083.110107421875,3097.739990234375,8346650000,3097.739990234375
^GSPC,2020-06-22,3094.419921875,3120.919921875,3079.389892578125,3117.860107421875,4686690000,3117.860107421875
^GSPC,2020-06-23,3138.699951171875,3154.89990234375,3127.1201171875,3131.2900390625,4711850000,3131.2900390625
^GSPC,2020-06-24,3114.39990234375,3115.010009765625,3032.1298828125,3050.330078125,5597680000,3050.330078125
^GSPC,2020-06-25,3046.60009765625,3086.25,3024.010009765625,3083.760009765625,4847690000,3083.760009765625
^GSPC,2020-06-26,3073.199951171875,3073.72998046875,3004.6298828125,3009.050048828125,8107850000,3009.050048828125
^GSPC,2020-06-29,3018.590087890625,3053.889892578125,2999.739990234375,3053.239990234375,4473970000,3053.239990234375
^GSPC,2020-06-30,3050.199951171875,3111.510009765625,3047.830078125,3100.2900390625,4705850000,3100.2900390625
^GSPC,2020-07-01,3105.919921875,3128.43994140625,3101.169921875,3115.860107421875,4449230000,3115.860107421875
^GSPC,2020-07-02,3143.639892578125,3165.81005859375,3124.52001953125,3130.010009765625,4197720000,3130.010009765625
^GSPC,2020-07-06,3155.2900390625,3182.590087890625,3155.2900390625,3179.719970703125,4759160000,3179.719970703125
^GSPC,2020-07-07,3166.43994140625,3184.14990234375,3142.929931640625,3145.320068359375,4571330000,3145.320068359375
^GSPC,2020-07-08,3153.070068359375,3171.800048828125,3136.530029296875,3169.93994140625,4937310000,3169.93994140625
^GSPC,2020-07-09,3176.169921875,3179.780029296875,3115.699951171875,3152.050048828125,4843650000,3152.050048828125
^GSPC,2020-07-10,3152.469970703125,3186.820068359375,3136.219970703125,3185.0400390625,4524190000,3185.0400390625
^GSPC,2020-07-13,3205.080078125,3235.320068359375,3149.429931640625,3155.219970703125,4902440000,3155.219970703125
^GSPC,2020-07-14,3141.110107421875,3200.949951171875,3127.659912109375,3197.52001953125,4507140000,3197.52001953125
^GSPC,2020-07-15,3225.97998046875,3238.280029296875,3200.760009765625,3226.56005859375,4686830000,3226.56005859375
^GSPC,2020-07-16,3208.360107421875,3220.389892578125,3198.590087890625,3215.570068359375,3972860000,3215.570068359375
^GSPC,2020-07-17,3224.2099609375,3233.52001953125,3205.64990234375,3224.72998046875,4012850000,3224.72998046875
^GSPC,2020-07-20,3224.2900390625,3258.610107421875,3215.159912109375,3251.840087890625,3979340000,3251.840087890625
^GSPC,2020-07-21,3268.52001953125,3277.2900390625,3247.77001953125,3257.300048828125,4556610000,3257.300048828125
^GSPC,2020-07-22,3254.860107421875,3279.320068359375,3253.10009765625,3276.02001953125,4267160000,3276.02001953125
^GSPC,2020-07-23,3271.639892578125,3279.989990234375,3222.659912109375,3235.659912109375,4296760000,3235.659912109375
^GSPC,2020-07-24,3218.580078125,3227.260009765625,3200.050048828125,3215.6298828125,3689410000,3215.6298828125
^GSPC,2020-07-27,3219.840087890625,3241.429931640625,3214.25,3239.409912109375,3970310000,3239.409912109375
^GSPC,2020-07-28,3234.27001953125,3243.719970703125,3216.169921875,3218.43994140625,4053180000,3218.43994140625
^GSPC,2020-07-29,3227.219970703125,3264.739990234375,3227.219970703125,3258.43994140625,4478200000,3258.43994140625
^GSPC,2020-07-30,3231.760009765625,3250.919921875,3204.1298828125,3246.219970703125,4264920000,3246.219970703125
^GSPC,2020-07-31,3270.449951171875,3272.169921875,3220.260009765625,3271.1201171875,5007530000,3271.1201171875
^GSPC,2020-08-03,3288.260009765625,3302.72998046875,3284.530029296875,3294.610107421875,4438940000,3294.610107421875
^GSPC,2020-08-04,3289.919921875,3306.840087890625,3286.3701171875,3306.510009765625,4414380000,3306.510009765625
^GSPC,2020-08-05,3317.3701171875,3330.77001953125,3317.3701171875,3327.77001953125,4535060000,3327.77001953125
^GSPC,2020-08-06,3323.169921875,3351.030029296875,3318.139892578125,3349.159912109375,4278930000,3349.159912109375
^GSPC,2020-08-07,3340.050048828125,3352.5400390625,3328.719970703125,3351.280029296875,4110030000,3351.280029296875
^GSPC,2020-08-10,3356.0400390625,3363.2900390625,3335.43994140625,3360.469970703125,4327920000,3360.469970703125
^GSPC,2020-08-11,3370.340087890625,3381.010009765625,3326.43994140625,3333.68994140625,4880540000,3333.68994140625
^GSPC,2020-08-12,3355.4599609375,3387.889892578125,3355.4599609375,3380.35009765625,3772250000,3380.35009765625
^GSPC,2020-08-13,3372.949951171875,3387.239990234375,3363.35009765625,3373.429931640625,3438730000,3373.429931640625
^GSPC,2020-08-14,3368.659912109375,3378.510009765625,3361.639892578125,3372.85009765625,3200060000,3372.85009765625
^GSPC,2020-08-17,3380.860107421875,3387.590087890625,3379.219970703125,3381.989990234375,3460330000,3381.989990234375
^GSPC,2020-08-18,3387.0400390625,3395.06005859375,3370.14990234375,3389.780029296875,3669550000,3389.780029296875
^GSPC,2020-08-19,3392.510009765625,3399.5400390625,3369.659912109375,3374.85009765625,3679480000,3374.85009765625
^GSPC,2020-08-20,3360.47998046875,3390.800048828125,3354.68994140625,3385.510009765625,3431040000,3385.510009765625
^GSPC,2020-08-21,3386.010009765625,3399.9599609375,3379.31005859375,3397.159912109375,3505010000,3397.159912109375
^GSPC,2020-08-24,3418.090087890625,3432.090087890625,3413.1298828125,3431.280029296875,3743410000,3431.280029296875
^GSPC,2020-08-25,3435.949951171875,3444.2099609375,3425.840087890625,3443.6201171875,3627650000,3443.6201171875
^GSPC,2020-08-26,3449.969970703125,3481.070068359375,3444.14990234375,3478.72998046875,3780530000,3478.72998046875
^GSPC,2020-08-27,3485.139892578125,3501.3798828125,3468.35009765625,3484.550048828125,3955890000,3484.550048828125
^GSPC,2020-08-28,3494.68994140625,3509.22998046875,3484.320068359375,3508.010009765625,3868510000,3508.010009765625
^GSPC,2020-08-31,3509.72998046875,3514.77001953125,3493.25,3500.31005859375,4348280000,3500.31005859375
^GSPC,2020-09-01,3507.43994140625,3528.030029296875,3494.60009765625,3526.64990234375,4101490000,3526.64990234375
^GSPC,2020-09-02,3543.760009765625,3588.110107421875,3535.22998046875,3580.840087890625,4295640000,3580.840087890625
^GSPC,2020-09-03,3564.739990234375,3564.85009765625,3427.409912109375,3455.06005859375,4911830000,3455.06005859375
^GSPC,2020-09-04,3453.60009765625,3479.14990234375,3349.6298828125,3426.9599609375,4438720000,3426.9599609375
^GSPC,2020-09-08,3371.8798828125,3379.969970703125,3329.27001953125,3331.840087890625,4694330000,3331.840087890625
^GSPC,2020-09-09,3369.820068359375,3424.77001953125,3366.840087890625,3398.9599609375,3932520000,3398.9599609375
^GSPC,2020-09-10,3412.56005859375,3425.550048828125,3329.25,3339.18994140625,4208630000,3339.18994140625
^GSPC,2020-09-11,3352.699951171875,3368.949951171875,3310.469970703125,3340.969970703125,3710090000,3340.969970703125
^GSPC,2020-09-14,3363.56005859375,3402.929931640625,3363.56005859375,3383.5400390625,3839580000,3383.5400390625
^GSPC,2020-09-15,3407.72998046875,3419.47998046875,3389.25,3401.199951171875,4057190000,3401.199951171875
^GSPC,2020-09-16,3411.22998046875,3428.919921875,3384.449951171875,3385.489990234375,4718900000,3385.489990234375
^GSPC,2020-09-17,3346.860107421875,3375.169921875,3328.820068359375,3357.010009765625,4379840000,3357.010009765625
^GSPC,2020-09-18,3357.3798828125,3362.27001953125,3292.39990234375,3319.469970703125,7076400000,3319.469970703125
^GSPC,2020-09-21,3285.570068359375,3285.570068359375,3229.10009765625,3281.06005859375,4836070000,3281.06005859375
^GSPC,2020-09-22,3295.75,3320.31005859375,3270.949951171875,3315.570068359375,3974510000,3315.570068359375
^GSPC,2020-09-23,3320.110107421875,3323.35009765625,3232.570068359375,3236.919921875,4378650000,3236.919921875
^GSPC,2020-09-24,3226.139892578125,3278.699951171875,3209.449951171875,3246.590087890625,4601920000,3246.590087890625
^GSPC,2020-09-25,3236.659912109375,3306.8798828125,3228.43994140625,3298.4599609375,3803330000,3298.4599609375
^GSPC,2020-09-28,3333.89990234375,3360.739990234375,3332.909912109375,3351.60009765625,3950910000,3351.60009765625
^GSPC,2020-09-29,3350.919921875,3357.919921875,3327.5400390625,3335.469970703125,3661590000,3335.469970703125
^GSPC,2020-09-30,3341.2099609375,3393.56005859375,3340.469970703125,3363,4738640000,3363
^GSPC,2020-10-01,3385.8701171875,3397.179931640625,3361.389892578125,3380.800048828125,4076340000,3380.800048828125
^GSPC,2020-10-02,3338.93994140625,3369.10009765625,3323.68994140625,3348.419921875,3975180000,3348.419921875
^GSPC,2020-10-05,3367.27001953125,3409.570068359375,3367.27001953125,3408.60009765625,3692720000,3408.60009765625
^GSPC,2020-10-06,3408.739990234375,3431.56005859375,3354.5400390625,3360.969970703125,4453390000,3360.969970703125
^GSPC,2020-10-07,3384.56005859375,3426.260009765625,3384.56005859375,3419.43994140625,3814750000,3419.43994140625
^GSPC,2020-10-08,3434.280029296875,3447.280029296875,3428.14990234375,3446.830078125,3867640000,3446.830078125
^GSPC,2020-10-09,3459.669921875,3482.340087890625,3458.070068359375,3477.139892578125,3944090000,3477.139892578125
^GSPC,2020-10-12,3500.02001953125,3549.85009765625,3499.610107421875,3534.219970703125,3435760000,3534.219970703125
^GSPC,2020-10-13,3534.010009765625,3534.010009765625,3500.860107421875,3511.929931640625,3611100000,3511.929931640625
^GSPC,2020-10-14,3515.469970703125,3527.93994140625,3480.550048828125,3488.669921875,3858510000,3488.669921875
^GSPC,2020-10-15,3453.719970703125,3489.080078125,3440.889892578125,3483.340087890625,3724550000,3483.340087890625
^GSPC,2020-10-16,3493.5,3515.760009765625,3480.449951171875,3483.81005859375,4688030000,3483.81005859375
^GSPC,2020-10-19,3493.659912109375,3502.419921875,3419.929931640625,3426.919921875,4091080000,3426.919921875
^GSPC,2020-10-20,3439.3798828125,3476.929931640625,3435.64990234375,3443.1201171875,3917850000,3443.1201171875
^GSPC,2020-10-21,3439.909912109375,3464.860107421875,3433.06005859375,3435.56005859375,4103960000,3435.56005859375
^GSPC,2020-10-22,3438.5,3460.530029296875,3415.340087890625,3453.489990234375,4172060000,3453.489990234375
^GSPC,2020-10-23,3464.89990234375,3466.4599609375,3440.449951171875,3465.389892578125,3651600000,3465.389892578125
^GSPC,2020-10-26,3441.419921875,3441.419921875,3364.860107421875,3400.969970703125,4002210000,3400.969970703125
^GSPC,2020-10-27,3403.14990234375,3409.510009765625,3388.7099609375,3390.679931640625,3962400000,3390.679931640625
^GSPC,2020-10-28,3342.47998046875,3342.47998046875,3268.889892578125,3271.030029296875,5139970000,3271.030029296875
^GSPC,2020-10-29,3277.169921875,3341.050048828125,3259.820068359375,3310.110107421875,4911860000,3310.110107421875
^GSPC,2020-10-30,3293.590087890625,3304.929931640625,3233.93994140625,3269.9599609375,4843930000,3269.9599609375
^GSPC,2020-11-02,3296.199951171875,3330.139892578125,3279.739990234375,3310.239990234375,4314690000,3310.239990234375
^GSPC,2020-11-03,3336.25,3389.489990234375,3336.25,3369.159912109375,4241380000,3369.159912109375
^GSPC,2020-11-04,3406.4599609375,3486.25,3405.169921875,3443.43994140625,4790400000,3443.43994140625
^GSPC,2020-11-05,3485.739990234375,3529.050048828125,3485.739990234375,3510.449951171875,4858150000,3510.449951171875
^GSPC,2020-11-06,3508.340087890625,3521.580078125,3484.340087890625,3509.43994140625,4842460000,3509.43994140625
^GSPC,2020-11-09,3583.0400390625,3645.989990234375,3547.47998046875,3550.5,8570510000,3550.5
^GSPC,2020-11-10,3543.260009765625,3557.219970703125,3511.909912109375,3545.530029296875,6037470000,3545.530029296875
^GSPC,2020-11-11,3563.219970703125,3581.159912109375,3557,3572.659912109375,4635560000,3572.659912109375
^GSPC,2020-11-12,3562.669921875,3569.02001953125,3518.580078125,3537.010009765625,4909660000,3537.010009765625
^GSPC,2020-11-13,3552.570068359375,3593.659912109375,3552.570068359375,3585.14990234375,4719580000,3585.14990234375
^GSPC,2020-11-16,3600.159912109375,3628.510009765625,3600.159912109375,3626.909912109375,5295510000,3626.909912109375
^GSPC,2020-11-17,3610.31005859375,3623.110107421875,3588.679931640625,3609.530029296875,4812180000,3609.530029296875
^GSPC,2020-11-18,3612.090087890625,3619.090087890625,3567.330078125,3567.7900390625,5284810000,3567.7900390625
^GSPC,2020-11-19,3559.409912109375,3585.219970703125,3543.840087890625,3581.8701171875,4363370000,3581.8701171875
^GSPC,2020-11-20,3579.31005859375,3581.22998046875,3556.85009765625,3557.5400390625,4236370000,3557.5400390625
^GSPC,2020-11-23,3566.820068359375,3589.81005859375,3552.77001953125,3577.590087890625,5057550000,3577.590087890625
^GSPC,2020-11-24,3594.52001953125,3642.31005859375,3594.52001953125,3635.409912109375,6280290000,3635.409912109375
^GSPC,2020-11-25,3635.5,3635.5,3617.760009765625,3629.64990234375,4910440000,3629.64990234375
^GSPC,2020-11-27,3638.550048828125,3644.31005859375,3629.330078125,3638.35009765625,2778390000,3638.35009765625
^GSPC,2020-11-30,3634.179931640625,3634.179931640625,3594.389892578125,3621.6298828125,6308410000,3621.6298828125
^GSPC,2020-12-01,3645.8701171875,3678.449951171875,3645.8701171875,3662.449951171875,5418480000,3662.449951171875
^GSPC,2020-12-02,3653.780029296875,3670.9599609375,3644.840087890625,3669.010009765625,5041250000,3669.010009765625
^GSPC,2020-12-03,3668.280029296875,3682.72998046875,3657.169921875,3666.719970703125,5065340000,3666.719970703125
^GSPC,2020-12-04,3670.93994140625,3699.199951171875,3670.93994140625,3699.1201171875,5099620000,3699.1201171875
^GSPC,2020-12-07,3694.72998046875,3697.409912109375,3678.8798828125,3691.9599609375,4804500000,3691.9599609375
^GSPC,2020-12-08,3683.050048828125,3708.449951171875,3678.830078125,3702.25,4584390000,3702.25
^GSPC,2020-12-09,3705.97998046875,3712.389892578125,3660.5400390625,3672.820068359375,5232800000,3672.820068359375
^GSPC,2020-12-10,3659.1298828125,3678.489990234375,3645.179931640625,3668.10009765625,4658480000,3668.10009765625
^GSPC,2020-12-11,3656.080078125,3665.909912109375,3633.39990234375,3663.4599609375,4375470000,3663.4599609375
^GSPC,2020-12-14,3675.27001953125,3697.610107421875,3645.840087890625,3647.489990234375,4623850000,3647.489990234375
^GSPC,2020-12-15,3666.409912109375,3695.2900390625,3659.6201171875,3694.6201171875,4387080000,3694.6201171875
^GSPC,2020-12-16,3696.25,3711.27001953125,3688.570068359375,3701.169921875,4067040000,3701.169921875
^GSPC,2020-12-17,3713.64990234375,3725.1201171875,3710.8701171875,3722.47998046875,4192810000,3722.47998046875
^GSPC,2020-12-18,3722.389892578125,3726.699951171875,3685.840087890625,3709.409912109375,7097100000,3709.409912109375
^GSPC,2020-12-21,3684.280029296875,3702.89990234375,3636.47998046875,3694.919921875,4748580000,3694.919921875
^GSPC,2020-12-22,3698.080078125,3698.260009765625,3676.159912109375,3687.260009765625,4053310000,3687.260009765625
^GSPC,2020-12-23,3693.419921875,3711.239990234375,3689.280029296875,3690.010009765625,3779160000,3690.010009765625
^GSPC,2020-12-24,3694.030029296875,3703.820068359375,3689.320068359375,3703.06005859375,1883780000,3703.06005859375
^GSPC,2020-12-28,3723.030029296875,3740.510009765625,3723.030029296875,3735.360107421875,3535460000,3735.360107421875
^GSPC,2020-12-29,3750.010009765625,3756.1201171875,3723.31005859375,3727.0400390625,3393290000,3727.0400390625
^GSPC,2020-12-30,3736.18994140625,3744.6298828125,3730.2099609375,3732.0400390625,3154850000,3732.0400390625
^GSPC,2020-12-31,3733.27001953125,3760.199951171875,3726.8798828125,3756.070068359375,3179040000,3756.070068359375
^GSPC,2021-01-04,3764.610107421875,3769.989990234375,3662.7099609375,3700.64990234375,5015000000,3700.64990234375
^GSPC,2021-01-05,3698.02001953125,3737.830078125,3695.070068359375,3726.860107421875,4591020000,3726.860107421875
^GSPC,2021-01-06,3712.199951171875,3783.0400390625,3705.340087890625,3748.139892578125,6064110000,3748.139892578125
^GSPC,2021-01-07,3764.7099609375,3811.550048828125,3764.7099609375,3803.7900390625,5099160000,3803.7900390625
^GSPC,2021-01-08,3815.050048828125,3826.68994140625,3783.60009765625,3824.679931640625,4773040000,3824.679931640625
^GSPC,2021-01-11,3803.139892578125,3817.860107421875,3789.02001953125,3799.610107421875,4465430000,3799.610107421875
^GSPC,2021-01-12,3801.6201171875,3810.780029296875,3776.510009765625,3801.18994140625,4994950000,3801.18994140625
^GSPC,2021-01-13,3802.22998046875,3820.9599609375,3791.5,3809.840087890625,4602510000,3809.840087890625
^GSPC,2021-01-14,3814.97998046875,3823.60009765625,3792.860107421875,3795.5400390625,5198480000,3795.5400390625
^GSPC,2021-01-15,3788.72998046875,3788.72998046875,3749.6201171875,3768.25,5369820000,3768.25
^GSPC,2021-01-19,3781.8798828125,3804.530029296875,3780.3701171875,3798.909912109375,5014440000,3798.909912109375
^GSPC,2021-01-20,3816.219970703125,3859.75,3816.219970703125,3851.85009765625,4566190000,3851.85009765625
^GSPC,2021-01-21,3857.4599609375,3861.449951171875,3845.050048828125,3853.070068359375,4501760000,3853.070068359375
^GSPC,2021-01-22,3844.239990234375,3852.31005859375,3830.409912109375,3841.469970703125,5110890000,3841.469970703125
^GSPC,2021-01-25,3851.679931640625,3859.22998046875,3797.159912109375,3855.360107421875,7000840000,3855.360107421875
^GSPC,2021-01-26,3862.9599609375,3870.89990234375,3847.780029296875,3849.6201171875,6137500000,3849.6201171875
^GSPC,2021-01-27,3836.830078125,3836.830078125,3732.47998046875,3750.77001953125,9976520000,3750.77001953125
^GSPC,2021-01-28,3755.75,3830.5,3755.75,3787.3798828125,6992770000,3787.3798828125
^GSPC,2021-01-29,3778.050048828125,3778.050048828125,3694.1201171875,3714.239990234375,6643370000,3714.239990234375
^GSPC,2021-02-01,3731.169921875,3784.320068359375,3725.6201171875,3773.860107421875,5436230000,3773.860107421875
^GSPC,2021-02-02,3791.840087890625,3843.090087890625,3791.840087890625,3826.31005859375,5514090000,3826.31005859375
^GSPC,2021-02-03,3840.27001953125,3847.510009765625,3816.679931640625,3830.169921875,4864870000,3830.169921875
^GSPC,2021-02-04,3836.659912109375,3872.419921875,3836.659912109375,3871.739990234375,4879240000,3871.739990234375
^GSPC,2021-02-05,3878.300048828125,3894.56005859375,3874.929931640625,3886.830078125,4879470000,3886.830078125
^GSPC,2021-02-08,3892.590087890625,3915.77001953125,3892.590087890625,3915.590087890625,4648360000,3915.590087890625
^GSPC,2021-02-09,3910.489990234375,3918.35009765625,3902.639892578125,3911.22998046875,4568320000,3911.22998046875
^GSPC,2021-02-10,3920.780029296875,3931.5,3884.93994140625,3909.8798828125,4837070000,3909.8798828125
^GSPC,2021-02-11,3916.39990234375,3925.989990234375,3890.389892578125,3916.3798828125,4590960000,3916.3798828125
^GSPC,2021-02-12,3911.64990234375,3937.22998046875,3905.780029296875,3934.830078125,4135060000,3934.830078125
^GSPC,2021-02-16,3939.610107421875,3950.429931640625,3923.85009765625,3932.590087890625,5058990000,3932.590087890625
^GSPC,2021-02-17,3918.5,3933.610107421875,3900.429931640625,3931.330078125,4730650000,3931.330078125
^GSPC,2021-02-18,3915.860107421875,3921.97998046875,3885.030029296875,3913.969970703125,4793650000,3913.969970703125
^GSPC,2021-02-19,3921.159912109375,3930.409912109375,3903.070068359375,3906.7099609375,4845320000,3906.7099609375
^GSPC,2021-02-22,3885.550048828125,3902.919921875,3874.7099609375,3876.5,5917100000,3876.5
^GSPC,2021-02-23,3857.070068359375,3895.97998046875,3805.590087890625,3881.3701171875,6296610000,3881.3701171875
^GSPC,2021-02-24,3873.7099609375,3928.64990234375,3859.60009765625,3925.429931640625,6012790000,3925.429931640625
^GSPC,2021-02-25,3915.800048828125,3925.02001953125,3814.0400390625,3829.340087890625,6547470000,3829.340087890625
^GSPC,2021-02-26,3839.659912109375,3861.080078125,3789.5400390625,3811.14990234375,6526070000,3811.14990234375
^GSPC,2021-03-01,3842.510009765625,3914.5,3842.510009765625,3901.820068359375,5114820000,3901.820068359375
^GSPC,2021-03-02,3903.639892578125,3906.409912109375,3868.570068359375,3870.2900390625,5536010000,3870.2900390625
^GSPC,2021-03-03,3863.989990234375,3874.469970703125,3818.860107421875,3819.719970703125,6173660000,3819.719970703125
^GSPC,2021-03-04,3818.530029296875,3843.669921875,3723.340087890625,3768.469970703125,7195400000,3768.469970703125
^GSPC,2021-03-05,3793.580078125,3851.68994140625,3730.18994140625,3841.93994140625,6851070000,3841.93994140625
^GSPC,2021-03-08,3844.389892578125,3881.06005859375,3819.25,3821.35009765625,5871710000,3821.35009765625
^GSPC,2021-03-09,3851.929931640625,3903.760009765625,3851.929931640625,3875.43994140625,5513560000,3875.43994140625
^GSPC,2021-03-10,3891.989990234375,3917.35009765625,3885.72998046875,3898.81005859375,5847380000,3898.81005859375
^GSPC,2021-03-11,3915.5400390625,3960.27001953125,3915.5400390625,3939.340087890625,5312880000,3939.340087890625
^GSPC,2021-03-12,3924.52001953125,3944.989990234375,3915.2099609375,3943.340087890625,4476280000,3943.340087890625
^GSPC,2021-03-15,3942.9599609375,3970.080078125,3923.5400390625,3968.93994140625,4900100000,3968.93994140625
^GSPC,2021-03-16,3973.590087890625,3981.0400390625,3953.43994140625,3962.7099609375,4613080000,3962.7099609375
^GSPC,2021-03-17,3949.570068359375,3983.8701171875,3935.739990234375,3974.1201171875,4561660000,3974.1201171875
^GSPC,2021-03-18,3953.5,3969.6201171875,3910.860107421875,3915.4599609375,5118590000,3915.4599609375
^GSPC,2021-03-19,3913.139892578125,3930.1201171875,3886.75,3913.10009765625,7757420000,3913.10009765625
^GSPC,2021-03-22,3916.47998046875,3955.31005859375,3914.159912109375,3940.590087890625,4316260000,3940.590087890625
^GSPC,2021-03-23,3937.60009765625,3949.1298828125,3901.570068359375,3910.52001953125,4669010000,3910.52001953125
^GSPC,2021-03-24,3919.929931640625,3942.080078125,3889.070068359375,3889.139892578125,4783020000,3889.139892578125
^GSPC,2021-03-25,3879.340087890625,3919.5400390625,3853.5,3909.52001953125,4948340000,3909.52001953125
^GSPC,2021-03-26,3917.1201171875,3978.18994140625,3917.1201171875,3974.5400390625,5483160000,3974.5400390625
^GSPC,2021-03-29,3969.31005859375,3981.830078125,3943.25,3971.090087890625,4628180000,3971.090087890625
^GSPC,2021-03-30,3963.340087890625,3968.010009765625,3944.35009765625,3958.550048828125,4121510000,3958.550048828125
^GSPC,2021-03-31,3967.25,3994.409912109375,3966.97998046875,3972.889892578125,4578050000,3972.889892578125
^GSPC,2021-04-01,3992.780029296875,4020.6298828125,3992.780029296875,4019.8701171875,4162130000,4019.8701171875
^GSPC,2021-04-05,4034.43994140625,4083.419921875,4034.43994140625,4077.909912109375,4005030000,4077.909912109375
^GSPC,2021-04-06,4075.570068359375,4086.22998046875,4068.139892578125,4073.93994140625,4081270000,4073.93994140625
^GSPC,2021-04-07,4074.2900390625,4083.1298828125,4068.31005859375,4079.949951171875,4120810000,4079.949951171875
^GSPC,2021-04-08,4089.949951171875,4098.18994140625,4082.5400390625,4097.169921875,3907100000,4097.169921875
^GSPC,2021-04-09,4096.10986328125,4129.47998046875,4095.510009765625,4128.7998046875,3640390000,4128.7998046875
^GSPC,2021-04-12,4124.7099609375,4131.759765625,4114.81982421875,4127.990234375,3588900000,4127.990234375
^GSPC,2021-04-13,4130.10009765625,4148,4124.43017578125,4141.58984375,3734720000,4141.58984375
^GSPC,2021-04-14,4141.580078125,4151.68994140625,4120.8701171875,4124.66015625,3985350000,4124.66015625
^GSPC,2021-04-15,4139.759765625,4173.490234375,4139.759765625,4170.419921875,4033420000,4170.419921875
^GSPC,2021-04-16,4174.14013671875,4191.31005859375,4170.75,4185.47021484375,4163820000,4185.47021484375
^GSPC,2021-04-19,4179.7998046875,4180.81005859375,4150.47021484375,4163.259765625,3810290000,4163.259765625
^GSPC,2021-04-20,4159.18017578125,4159.18017578125,4118.3798828125,4134.93994140625,4342650000,4134.93994140625
^GSPC,2021-04-21,4128.419921875,4175.02001953125,4126.35009765625,4173.419921875,3887250000,4173.419921875
^GSPC,2021-04-22,4170.4599609375,4179.56982421875,4123.68994140625,4134.97998046875,4245140000,4134.97998046875
^GSPC,2021-04-23,4138.77978515625,4194.169921875,4138.77978515625,4180.169921875,3569880000,4180.169921875
^GSPC,2021-04-26,4185.02978515625,4194.18994140625,4182.35986328125,4187.6201171875,3748320000,4187.6201171875
^GSPC,2021-04-27,4188.25,4193.35009765625,4176.22021484375,4186.72021484375,3710700000,4186.72021484375
^GSPC,2021-04-28,4185.14013671875,4201.52978515625,4181.77978515625,4183.18017578125,3787360000,4183.18017578125
^GSPC,2021-04-29,4206.14013671875,4218.77978515625,4176.81005859375,4211.47021484375,4298680000,4211.47021484375
^GSPC,2021-04-30,4198.10009765625,4198.10009765625,4174.85009765625,4181.169921875,4300880000,4181.169921875
^GSPC,2021-05-03,4191.97998046875,4209.39013671875,4188.02978515625,4192.66015625,4070220000,4192.66015625
^GSPC,2021-05-04,4179.0400390625,4179.0400390625,4128.58984375,4164.66015625,4452460000,4164.66015625
^GSPC,2021-05-05,4177.06005859375,4187.72021484375,4160.93994140625,4167.58984375,4230920000,4167.58984375
^GSPC,2021-05-06,4169.14013671875,4202.7001953125,4147.330078125,4201.6201171875,4511000000,4201.6201171875
^GSPC,2021-05-07,4210.33984375,4238.0400390625,4201.64013671875,4232.60009765625,4016080000,4232.60009765625
^GSPC,2021-05-10,4228.2900390625,4236.39013671875,4188.1298828125,4188.43017578125,4560700000,4188.43017578125
^GSPC,2021-05-11,4150.33984375,4162.0400390625,4111.52978515625,4152.10009765625,4870710000,4152.10009765625
^GSPC,2021-05-12,4130.5498046875,4134.72998046875,4056.8798828125,4063.0400390625,4733070000,4063.0400390625
^GSPC,2021-05-13,4074.989990234375,4131.580078125,4074.989990234375,4112.5,4779540000,4112.5
^GSPC,2021-05-14,4129.580078125,4183.1298828125,4129.580078125,4173.85009765625,4008880000,4173.85009765625
^GSPC,2021-05-17,4169.919921875,4171.919921875,4142.68994140625,4163.2900390625,4125050000,4163.2900390625
^GSPC,2021-05-18,4165.93994140625,4169.14990234375,4125.990234375,4127.830078125,4398150000,4127.830078125
^GSPC,2021-05-19,4098.4501953125,4116.93017578125,4061.409912109375,4115.68017578125,4247450000,4115.68017578125
^GSPC,2021-05-20,4121.97021484375,4172.7998046875,4121.97021484375,4159.1201171875,3978880000,4159.1201171875
^GSPC,2021-05-21,4168.60986328125,4188.72021484375,4151.72021484375,4155.85986328125,3995250000,4155.85986328125
^GSPC,2021-05-24,4170.16015625,4209.52001953125,4170.16015625,4197.0498046875,3684800000,4197.0498046875
^GSPC,2021-05-25,4205.93994140625,4213.419921875,4182.52001953125,4188.1298828125,4182250000,4188.1298828125
^GSPC,2021-05-26,4191.58984375,4202.60986328125,4184.10986328125,4195.990234375,4420890000,4195.990234375
^GSPC,2021-05-27,4201.93994140625,4213.3798828125,4197.77978515625,4200.8798828125,6406310000,4200.8798828125
^GSPC,2021-05-28,4210.77001953125,4218.35986328125,4203.56982421875,4204.10986328125,4649250000,4204.10986328125
^GSPC,2021-06-01,4216.52001953125,4234.1201171875,4197.58984375,4202.0400390625,5074670000,4202.0400390625
^GSPC,2021-06-02,4206.81982421875,4217.3701171875,4198.27001953125,4208.1201171875,5833670000,4208.1201171875
^GSPC,2021-06-03,4191.43017578125,4204.39013671875,4167.93017578125,4192.85009765625,5587970000,4192.85009765625
^GSPC,2021-06-04,4206.0498046875,4233.4501953125,4206.0498046875,4229.89013671875,4139790000,4229.89013671875
^GSPC,2021-06-07,4229.33984375,4232.33984375,4215.66015625,4226.52001953125,4476920000,4226.52001953125
^GSPC,2021-06-08,4233.81005859375,4236.740234375,4208.41015625,4227.259765625,4659620000,4227.259765625
^GSPC,2021-06-09,4232.990234375,4237.08984375,4218.740234375,4219.5498046875,4713260000,4219.5498046875
^GSPC,2021-06-10,4228.56005859375,4249.740234375,4220.33984375,4239.18017578125,4408210000,4239.18017578125
^GSPC,2021-06-11,4242.89990234375,4248.3798828125,4232.25,4247.43994140625,3815010000,4247.43994140625
^GSPC,2021-06-14,4248.31005859375,4255.58984375,4234.06982421875,4255.14990234375,4151200000,4255.14990234375
^GSPC,2021-06-15,4255.27978515625,4257.16015625,4238.35009765625,4246.58984375,4048940000,4246.58984375
^GSPC,2021-06-16,4248.8701171875,4251.89013671875,4202.4501953125,4223.7001953125,4538350000,4223.7001953125
^GSPC,2021-06-17,4220.3701171875,4232.2900390625,4196.0498046875,4221.85986328125,5312680000,4221.85986328125
^GSPC,2021-06-18,4204.77978515625,4204.77978515625,4164.39990234375,4166.4501953125,6817010000,4166.4501953125
^GSPC,2021-06-21,4173.39990234375,4226.240234375,4173.39990234375,4224.7900390625,4128950000,4224.7900390625
^GSPC,2021-06-22,4224.60986328125,4255.83984375,4217.27001953125,4246.43994140625,3828390000,4246.43994140625
^GSPC,2021-06-23,4249.27001953125,4256.60009765625,4241.43017578125,4241.83984375,3730350000,4241.83984375
^GSPC,2021-06-24,4256.97021484375,4271.27978515625,4256.97021484375,4266.490234375,3816660000,4266.490234375
^GSPC,2021-06-25,4274.4501953125,4286.1201171875,4271.16015625,4280.7001953125,7341450000,4280.7001953125
^GSPC,2021-06-28,4284.89990234375,4292.14013671875,4274.669921875,4290.60986328125,4147890000,4290.60986328125
^GSPC,2021-06-29,4293.2099609375,4300.52001953125,4287.0400390625,4291.7998046875,3707150000,4291.7998046875
^GSPC,2021-06-30,4290.64990234375,4302.43017578125,4287.9599609375,4297.5,4266040000,4297.5
^GSPC,2021-07-01,4300.72998046875,4320.66015625,4300.72998046875,4319.93994140625,3788230000,4319.93994140625
^GSPC,2021-07-02,4326.60009765625,4355.43017578125,4326.60009765625,4352.33984375,3225840000,4352.33984375
^GSPC,2021-07-06,4356.4599609375,4356.4599609375,4314.3701171875,4343.5400390625,4309570000,4343.5400390625
^GSPC,2021-07-07,4351.009765625,4361.8798828125,4329.7900390625,4358.1298828125,4037380000,4358.1298828125
^GSPC,2021-07-08,4321.06982421875,4330.8798828125,4289.3701171875,4320.81982421875,4347500000,4320.81982421875
^GSPC,2021-07-09,4329.3798828125,4371.60009765625,4329.3798828125,4369.5498046875,3531120000,4369.5498046875
^GSPC,2021-07-12,4372.41015625,4386.68017578125,4364.02978515625,4384.6298828125,3384460000,4384.6298828125
^GSPC,2021-07-13,4381.06982421875,4392.3701171875,4366.919921875,4369.2099609375,3695430000,4369.2099609375
^GSPC,2021-07-14,4380.10986328125,4393.68017578125,4362.35986328125,4374.2998046875,4006370000,4374.2998046875
^GSPC,2021-07-15,4369.02001953125,4369.02001953125,4340.7001953125,4360.02978515625,3905230000,4360.02978515625
^GSPC,2021-07-16,4367.43017578125,4375.08984375,4322.52978515625,4327.16015625,3985700000,4327.16015625
^GSPC,2021-07-19,4296.39990234375,4296.39990234375,4233.1298828125,4258.490234375,5157660000,4258.490234375
^GSPC,2021-07-20,4265.10986328125,4336.83984375,4262.0498046875,4323.06005859375,4438270000,4323.06005859375
^GSPC,2021-07-21,4331.1298828125,4359.7001953125,4331.1298828125,4358.68994140625,3810280000,4358.68994140625
^GSPC,2021-07-22,4361.27001953125,4369.8701171875,4350.06005859375,4367.47998046875,3358300000,4367.47998046875
^GSPC,2021-07-23,4381.2001953125,4415.18017578125,4381.2001953125,4411.7900390625,4540070000,4411.7900390625
^GSPC,2021-07-26,4409.580078125,4422.72998046875,4405.4501953125,4422.2998046875,4275630000,4422.2998046875
^GSPC,2021-07-27,4416.3798828125,4416.3798828125,4372.509765625,4401.4599609375,4241950000,4401.4599609375
^GSPC,2021-07-28,4402.9501953125,4415.47021484375,4387.009765625,4400.64013671875,4215290000,4400.64013671875
^GSPC,2021-07-29,4403.58984375,4429.97021484375,4403.58984375,4419.14990234375,4044600000,4419.14990234375
^GSPC,2021-07-30,4395.1201171875,4412.25,4389.64990234375,4395.259765625,3956740000,4395.259765625
^GSPC,2021-08-02,4406.85986328125,4422.18017578125,4384.81005859375,4387.16015625,3724090000,4387.16015625
^GSPC,2021-08-03,4392.740234375,4423.7900390625,4373,4423.14990234375,3965190000,4423.14990234375
^GSPC,2021-08-04,4415.9501953125,4416.169921875,4400.22998046875,4402.66015625,4260760000,4402.66015625
^GSPC,2021-08-05,4408.85986328125,4429.759765625,4408.85986328125,4429.10009765625,3769410000,4429.10009765625
^GSPC,2021-08-06,4429.06982421875,4440.81982421875,4429.06982421875,4436.52001953125,3451870000,4436.52001953125
^GSPC,2021-08-09,4437.77001953125,4439.39013671875,4424.740234375,4432.35009765625,3449280000,4432.35009765625
^GSPC,2021-08-10,4435.7900390625,4445.2099609375,4430.02978515625,4436.75,3886610000,4436.75
^GSPC,2021-08-11,4442.18017578125,4449.43994140625,4436.419921875,4442.41015625,3532560000,4442.41015625
^GSPC,2021-08-12,4446.080078125,4461.77001953125,4435.9599609375,4460.830078125,3375310000,4460.830078125
^GSPC,2021-08-13,4464.83984375,4468.3701171875,4460.81982421875,4468,3016470000,4468
^GSPC,2021-08-16,4461.64990234375,4480.259765625,4437.66015625,4479.7099609375,3370640000,4479.7099609375
^GSPC,2021-08-17,4462.1201171875,4462.1201171875,4417.830078125,4448.080078125,3836960000,4448.080078125
^GSPC,2021-08-18,4440.93994140625,4454.31982421875,4397.58984375,4400.27001953125,3755590000,4400.27001953125
^GSPC,2021-08-19,4382.43994140625,4418.60986328125,4367.72998046875,4405.7998046875,4398410000,4405.7998046875
^GSPC,2021-08-20,4410.56005859375,4444.35009765625,4406.7998046875,4441.669921875,3652610000,4441.669921875
^GSPC,2021-08-23,4450.2900390625,4489.8798828125,4450.2900390625,4479.52978515625,3576530000,4479.52978515625
^GSPC,2021-08-24,4484.39990234375,4492.81005859375,4482.27978515625,4486.22998046875,3979220000,4486.22998046875
^GSPC,2021-08-25,4490.4501953125,4501.7099609375,4485.66015625,4496.18994140625,3444700000,4496.18994140625
^GSPC,2021-08-26,4493.75,4495.89990234375,4468.990234375,4470,3263980000,4470
^GSPC,2021-08-27,4474.10009765625,4513.330078125,4474.10009765625,4509.3701171875,3331200000,4509.3701171875
^GSPC,2021-08-30,4513.759765625,4537.35986328125,4513.759765625,4528.7900390625,3168660000,4528.7900390625
^GSPC,2021-08-31,4529.75,4531.39013671875,4515.7998046875,4522.68017578125,4290710000,4522.68017578125
^GSPC,2021-09-01,4528.7998046875,4537.10986328125,4522.02001953125,4524.08984375,4057340000,4524.08984375
^GSPC,2021-09-02,4534.47998046875,4545.85009765625,4524.66015625,4536.9501953125,3735990000,4536.9501953125
^GSPC,2021-09-03,4532.419921875,4541.4501953125,4521.2998046875,4535.43017578125,3217530000,4535.43017578125
^GSPC,2021-09-07,4535.3798828125,4535.3798828125,4513,4520.02978515625,3822960000,4520.02978515625
^GSPC,2021-09-08,4518.08984375,4521.7900390625,4493.9501953125,4514.06982421875,3750880000,4514.06982421875
^GSPC,2021-09-09,4513.02001953125,4529.89990234375,4492.06982421875,4493.27978515625,3735390000,4493.27978515625
^GSPC,2021-09-10,4506.919921875,4520.47021484375,4457.66015625,4458.580078125,3623180000,4458.580078125
^GSPC,2021-09-13,4474.81005859375,4492.990234375,4445.7001953125,4468.72998046875,3914220000,4468.72998046875
^GSPC,2021-09-14,4479.330078125,4485.68017578125,4435.4599609375,4443.0498046875,3670460000,4443.0498046875
^GSPC,2021-09-15,4447.490234375,4486.8701171875,4438.3701171875,4480.7001953125,4032020000,4480.7001953125
^GSPC,2021-09-16,4477.08984375,4485.8701171875,4443.7998046875,4473.75,3984560000,4473.75
^GSPC,2021-09-17,4469.740234375,4471.52001953125,4427.759765625,4432.990234375,7289530000,4432.990234375
^GSPC,2021-09-20,4402.9501953125,4402.9501953125,4305.91015625,4357.72998046875,4898070000,4357.72998046875
^GSPC,2021-09-21,4374.4501953125,4394.8701171875,4347.9599609375,4354.18994140625,3920920000,4354.18994140625
^GSPC,2021-09-22,4367.43017578125,4416.75,4367.43017578125,4395.64013671875,3939170000,4395.64013671875
^GSPC,2021-09-23,4406.75,4465.39990234375,4406.75,4448.97998046875,3916350000,4448.97998046875
^GSPC,2021-09-24,4438.0400390625,4463.1201171875,4430.27001953125,4455.47998046875,3384290000,4455.47998046875
^GSPC,2021-09-27,4442.1201171875,4457.2998046875,4436.18994140625,4443.10986328125,4058650000,4443.10986328125
^GSPC,2021-09-28,4419.5400390625,4419.5400390625,4346.330078125,4352.6298828125,4416550000,4352.6298828125
^GSPC,2021-09-29,4362.41015625,4385.56982421875,4355.080078125,4359.4599609375,3712660000,4359.4599609375
^GSPC,2021-09-30,4370.669921875,4382.5498046875,4306.240234375,4307.5400390625,4448140000,4307.5400390625
^GSPC,2021-10-01,4317.16015625,4375.18994140625,4288.52001953125,4357.0400390625,4010370000,4357.0400390625
^GSPC,2021-10-04,4348.83984375,4355.509765625,4278.93994140625,4300.4599609375,4307870000,4300.4599609375
^GSPC,2021-10-05,4309.8701171875,4369.22998046875,4309.8701171875,4345.72021484375,3902890000,4345.72021484375
^GSPC,2021-10-06,4319.56982421875,4365.56982421875,4290.490234375,4363.5498046875,4009630000,4363.5498046875
^GSPC,2021-10-07,4383.72998046875,4429.97021484375,4383.72998046875,4399.759765625,3843740000,4399.759765625
^GSPC,2021-10-08,4406.509765625,4412.02001953125,4386.22021484375,4391.33984375,3280160000,4391.33984375
^GSPC,2021-10-11,4385.43994140625,4415.8798828125,4360.58984375,4361.18994140625,3281970000,4361.18994140625
^GSPC,2021-10-12,4368.31005859375,4374.89013671875,4342.08984375,4350.64990234375,3558450000,4350.64990234375
^GSPC,2021-10-13,4358.009765625,4372.8701171875,4329.919921875,4363.7998046875,3620070000,4363.7998046875
^GSPC,2021-10-14,4386.75,4439.72998046875,4386.75,4438.259765625,3598280000,4438.259765625
^GSPC,2021-10-15,4447.68994140625,4475.81982421875,4447.68994140625,4471.3701171875,3819380000,4471.3701171875
^GSPC,2021-10-18,4463.72021484375,4488.75,4447.47021484375,4486.4599609375,3662010000,4486.4599609375
^GSPC,2021-10-19,4497.33984375,4520.39990234375,4496.41015625,4519.6298828125,3459130000,4519.6298828125
^GSPC,2021-10-20,4524.419921875,4540.8701171875,4524.39990234375,4536.18994140625,3670760000,4536.18994140625
^GSPC,2021-10-21,4532.240234375,4551.43994140625,4526.89013671875,4549.77978515625,3822330000,4549.77978515625
^GSPC,2021-10-22,4546.1201171875,4559.669921875,4524,4544.89990234375,3758220000,4544.89990234375
^GSPC,2021-10-25,4553.68994140625,4572.6201171875,4537.35986328125,4566.47998046875,3899400000,4566.47998046875
^GSPC,2021-10-26,4578.68994140625,4598.52978515625,4569.169921875,4574.7900390625,3879740000,4574.7900390625
^GSPC,2021-10-27,4580.22021484375,4584.56982421875,4551.66015625,4551.68017578125,4226050000,4551.68017578125
^GSPC,2021-10-28,4562.83984375,4597.5498046875,4562.83984375,4596.419921875,4132950000,4596.419921875
^GSPC,2021-10-29,4572.8701171875,4608.080078125,4567.58984375,4605.3798828125,4510200000,4605.3798828125
^GSPC,2021-11-01,4610.6201171875,4620.33984375,4595.06005859375,4613.669921875,3971540000,4613.669921875
^GSPC,2021-11-02,4613.33984375,4635.14990234375,4613.33984375,4630.64990234375,3975250000,4630.64990234375
^GSPC,2021-11-03,4630.64990234375,4663.4599609375,4621.18994140625,4660.56982421875,4319660000,4660.56982421875
^GSPC,2021-11-04,4662.93017578125,4683,4662.58984375,4680.06005859375,4462300000,4680.06005859375
^GSPC,2021-11-05,4699.259765625,4718.5,4681.31982421875,4697.52978515625,4467180000,4697.52978515625
^GSPC,2021-11-08,4701.47998046875,4714.919921875,4694.39013671875,4701.7001953125,4269710000,4701.7001953125
^GSPC,2021-11-09,4707.25,4708.52978515625,4670.8701171875,4685.25,4117080000,4685.25
^GSPC,2021-11-10,4670.259765625,4684.85009765625,4630.85986328125,4646.7099609375,4503720000,4646.7099609375
^GSPC,2021-11-11,4659.39013671875,4664.5498046875,4648.31005859375,4649.27001953125,3926870000,4649.27001953125
^GSPC,2021-11-12,4655.240234375,4688.47021484375,4650.77001953125,4682.85009765625,3728600000,4682.85009765625
^GSPC,2021-11-15,4689.2998046875,4697.419921875,4672.85986328125,4682.7998046875,3488410000,4682.7998046875
^GSPC,2021-11-16,4679.419921875,4714.9501953125,4679.419921875,4700.89990234375,3972640000,4700.89990234375
^GSPC,2021-11-17,4701.5,4701.5,4684.41015625,4688.669921875,3969070000,4688.669921875
^GSPC,2021-11-18,4700.72021484375,4708.7998046875,4672.77978515625,4704.5400390625,4226410000,4704.5400390625
^GSPC,2021-11-19,4708.43994140625,4717.75,4694.22021484375,4697.9599609375,4253180000,4697.9599609375
^GSPC,2021-11-22,4712,4743.830078125,4682.169921875,4682.93994140625,4441100000,4682.93994140625
^GSPC,2021-11-23,4678.47998046875,4699.39013671875,4652.66015625,4690.7001953125,4277590000,4690.7001953125
^GSPC,2021-11-24,4675.77978515625,4702.8701171875,4659.89013671875,4701.4599609375,3418430000,4701.4599609375
^GSPC,2021-11-26,4664.6298828125,4664.6298828125,4585.43017578125,4594.6201171875,3517700000,4594.6201171875
^GSPC,2021-11-29,4628.75,4672.9501953125,4625.259765625,4655.27001953125,4336410000,4655.27001953125
^GSPC,2021-11-30,4640.25,4646.02001953125,4560,4567,6625990000,4567
^GSPC,2021-12-01,4602.81982421875,4652.93994140625,4510.27001953125,4513.0400390625,5366730000,4513.0400390625
^GSPC,2021-12-02,4504.72998046875,4595.4599609375,4504.72998046875,4577.10009765625,5077180000,4577.10009765625
^GSPC,2021-12-03,4589.490234375,4608.02978515625,4495.1201171875,4538.43017578125,5240070000,4538.43017578125
^GSPC,2021-12-06,4548.3701171875,4612.60009765625,4540.509765625,4591.669921875,4770800000,4591.669921875
^GSPC,2021-12-07,4631.97021484375,4694.0400390625,4631.97021484375,4686.75,4492400000,4686.75
^GSPC,2021-12-08,4690.85986328125,4705.06005859375,4674.52001953125,4701.2099609375,4234600000,4701.2099609375
^GSPC,2021-12-09,4691,4695.259765625,4665.97998046875,4667.4501953125,3903840000,4667.4501953125
^GSPC,2021-12-10,4687.64013671875,4713.56982421875,4670.240234375,4712.02001953125,3870110000,4712.02001953125
^GSPC,2021-12-13,4710.2998046875,4710.2998046875,4667.60009765625,4668.97021484375,4397230000,4668.97021484375
^GSPC,2021-12-14,4642.990234375,4660.47021484375,4606.52001953125,4634.08984375,4485430000,4634.08984375
^GSPC,2021-12-15,4636.4599609375,4712.60009765625,4611.22021484375,4709.85009765625,4910130000,4709.85009765625
^GSPC,2021-12-16,4719.1298828125,4731.990234375,4651.89013671875,4668.669921875,4829500000,4668.669921875
^GSPC,2021-12-17,4652.5,4666.7001953125,4600.22021484375,4620.64013671875,7987090000,4620.64013671875
^GSPC,2021-12-20,4587.89990234375,4587.89990234375,4531.10009765625,4568.02001953125,4635700000,4568.02001953125
^GSPC,2021-12-21,4594.9599609375,4651.14013671875,4583.16015625,4649.22998046875,4072430000,4649.22998046875
^GSPC,2021-12-22,4650.35986328125,4697.669921875,4645.52978515625,4696.56005859375,3319610000,4696.56005859375
^GSPC,2021-12-23,4703.9599609375,4740.740234375,4703.9599609375,4725.7900390625,2913040000,4725.7900390625
^GSPC,2021-12-27,4733.990234375,4791.490234375,4733.990234375,4791.18994140625,2770290000,4791.18994140625
^GSPC,2021-12-28,4795.490234375,4807.02001953125,4780.0400390625,4786.35009765625,2707920000,4786.35009765625
^GSPC,2021-12-29,4788.64013671875,4804.06005859375,4778.080078125,4793.06005859375,2963310000,4793.06005859375
^GSPC,2021-12-30,4794.22998046875,4808.93017578125,4775.330078125,4778.72998046875,3124950000,4778.72998046875
^GSPC,2021-12-31,4775.2099609375,4786.830078125,4765.75,4766.18017578125,2677820000,4766.18017578125
^GSPC,2022-01-03,4778.14013671875,4796.64013671875,4758.169921875,4796.56005859375,3831020000,4796.56005859375
^GSPC,2022-01-04,4804.509765625,4818.6201171875,4774.27001953125,4793.5400390625,4683170000,4793.5400390625
^GSPC,2022-01-05,4787.990234375,4797.7001953125,4699.43994140625,4700.580078125,4887960000,4700.580078125
^GSPC,2022-01-06,4693.39013671875,4725.009765625,4671.259765625,4696.0498046875,4295280000,4696.0498046875
^GSPC,2022-01-07,4697.66015625,4707.9501953125,4662.740234375,4677.02978515625,4181510000,4677.02978515625
^GSPC,2022-01-10,4655.33984375,4673.02001953125,4582.240234375,4670.2900390625,4511810000,4670.2900390625
^GSPC,2022-01-11,4669.14013671875,4714.1298828125,4638.27001953125,4713.06982421875,4101590000,4713.06982421875
^GSPC,2022-01-12,4728.58984375,4748.830078125,4706.7099609375,4726.35009765625,4048220000,4726.35009765625
^GSPC,2022-01-13,4733.56005859375,4744.1298828125,4650.2900390625,4659.02978515625,4251730000,4659.02978515625
^GSPC,2022-01-14,4637.990234375,4665.1298828125,4614.75,4662.85009765625,4338490000,4662.85009765625
^GSPC,2022-01-18,4632.240234375,4632.240234375,4568.7001953125,4577.10986328125,4748700000,4577.10986328125
^GSPC,2022-01-19,4588.02978515625,4611.5498046875,4530.2001953125,4532.759765625,4465740000,4532.759765625
^GSPC,2022-01-20,4547.35009765625,4602.10986328125,4477.9501953125,4482.72998046875,4640870000,4482.72998046875
^GSPC,2022-01-21,4471.3798828125,4494.52001953125,4395.33984375,4397.93994140625,5589100000,4397.93994140625
^GSPC,2022-01-24,4356.31982421875,4417.35009765625,4222.6201171875,4410.1298828125,6928110000,4410.1298828125
^GSPC,2022-01-25,4366.64013671875,4411.009765625,4287.10986328125,4356.4501953125,5145050000,4356.4501953125
^GSPC,2022-01-26,4408.43017578125,4453.22998046875,4304.7998046875,4349.93017578125,5570640000,4349.93017578125
^GSPC,2022-01-27,4380.580078125,4428.740234375,4309.5,4326.509765625,5214200000,4326.509765625
^GSPC,2022-01-28,4336.18994140625,4432.72021484375,4292.4599609375,4431.85009765625,5031090000,4431.85009765625
^GSPC,2022-01-31,4431.7900390625,4516.89013671875,4414.02001953125,4515.5498046875,5098610000,4515.5498046875
^GSPC,2022-02-01,4519.56982421875,4550.490234375,4483.52978515625,4546.5400390625,4816830000,4546.5400390625
^GSPC,2022-02-02,4566.39013671875,4595.31005859375,4544.31982421875,4589.3798828125,4481580000,4589.3798828125
^GSPC,2022-02-03,4535.41015625,4542.8798828125,4470.39013671875,4477.43994140625,4401970000,4477.43994140625
^GSPC,2022-02-04,4482.7900390625,4539.66015625,4451.5,4500.52978515625,4706290000,4500.52978515625
^GSPC,2022-02-07,4505.75,4521.85986328125,4471.47021484375,4483.8701171875,4228480000,4483.8701171875
^GSPC,2022-02-08,4480.02001953125,4531.31982421875,4465.39990234375,4521.5400390625,4459620000,4521.5400390625
^GSPC,2022-02-09,4547,4590.02978515625,4547,4587.18017578125,4524350000,4587.18017578125
^GSPC,2022-02-10,4553.240234375,4588.919921875,4484.31005859375,4504.080078125,5314860000,4504.080078125
^GSPC,2022-02-11,4506.27001953125,4526.330078125,4401.41015625,4418.64013671875,5251500000,4418.64013671875
^GSPC,2022-02-14,4412.60986328125,4426.22021484375,4364.83984375,4401.669921875,4600390000,4401.669921875
^GSPC,2022-02-15,4429.27978515625,4472.77001953125,4429.27978515625,4471.06982421875,4430830000,4471.06982421875
^GSPC,2022-02-16,4455.75,4489.5498046875,4429.68017578125,4475.009765625,4283640000,4475.009765625
^GSPC,2022-02-17,4456.06005859375,4456.06005859375,4373.81005859375,4380.259765625,4539420000,4380.259765625
^GSPC,2022-02-18,4384.56982421875,4394.60009765625,4327.22021484375,4348.8701171875,4708060000,4348.8701171875
^GSPC,2022-02-22,4332.740234375,4362.1201171875,4267.10986328125,4304.759765625,5121900000,4304.759765625
^GSPC,2022-02-23,4324.93017578125,4341.509765625,4221.509765625,4225.5,4797430000,4225.5
^GSPC,2022-02-24,4155.77001953125,4294.72998046875,4114.64990234375,4288.7001953125,6752130000,4288.7001953125
^GSPC,2022-02-25,4298.3798828125,4385.33984375,4286.830078125,4384.64990234375,5177060000,4384.64990234375
^GSPC,2022-02-28,4354.169921875,4388.83984375,4315.1201171875,4373.93994140625,6071370000,4373.93994140625
^GSPC,2022-03-01,4363.14013671875,4378.4501953125,4279.5400390625,4306.259765625,5846230000,4306.259765625
^GSPC,2022-03-02,4322.56005859375,4401.47998046875,4322.56005859375,4386.5400390625,5337870000,4386.5400390625
^GSPC,2022-03-03,4401.31005859375,4416.77978515625,4345.56005859375,4363.490234375,5039890000,4363.490234375
^GSPC,2022-03-04,4342.1201171875,4342.1201171875,4284.97998046875,4328.8701171875,5797380000,4328.8701171875
^GSPC,2022-03-07,4327.009765625,4327.009765625,4199.85009765625,4201.08984375,6940470000,4201.08984375
^GSPC,2022-03-08,4202.66015625,4276.93994140625,4157.8701171875,4170.7001953125,7243120000,4170.7001953125
^GSPC,2022-03-09,4223.10009765625,4299.39990234375,4223.10009765625,4277.8798828125,5662670000,4277.8798828125
^GSPC,2022-03-10,4252.5498046875,4268.27978515625,4209.7998046875,4259.52001953125,4980830000,4259.52001953125
^GSPC,2022-03-11,4279.5,4291.009765625,4200.490234375,4204.31005859375,4938640000,4204.31005859375
^GSPC,2022-03-14,4202.75,4247.56982421875,4161.72021484375,4173.10986328125,5574920000,4173.10986328125
^GSPC,2022-03-15,4188.81982421875,4271.0498046875,4187.89990234375,4262.4501953125,5392470000,4262.4501953125
^GSPC,2022-03-16,4288.14013671875,4358.89990234375,4251.990234375,4357.85986328125,6309750000,4357.85986328125
^GSPC,2022-03-17,4345.10986328125,4412.669921875,4335.64990234375,4411.669921875,4985090000,4411.669921875
^GSPC,2022-03-18,4407.33984375,4465.39990234375,4390.56982421875,4463.1201171875,8278430000,4463.1201171875
^GSPC,2022-03-21,4462.39990234375,4481.75,4424.2998046875,4461.18017578125,4869820000,4461.18017578125
^GSPC,2022-03-22,4469.10009765625,4522,4469.10009765625,4511.60986328125,4754840000,4511.60986328125
^GSPC,2022-03-23,4493.10009765625,4501.06982421875,4455.81005859375,4456.240234375,4550670000,4456.240234375
^GSPC,2022-03-24,4469.97998046875,4520.580078125,4465.169921875,4520.16015625,4131390000,4520.16015625
^GSPC,2022-03-25,4522.91015625,4546.02978515625,4501.06982421875,4543.06005859375,4305020000,4543.06005859375
^GSPC,2022-03-28,4541.08984375,4575.64990234375,4517.68994140625,4575.52001953125,4312260000,4575.52001953125
^GSPC,2022-03-29,4602.85986328125,4637.2998046875,4589.66015625,4631.60009765625,5085910000,4631.60009765625
^GSPC,2022-03-30,4624.2001953125,4627.77001953125,4581.31982421875,4602.4501953125,4385570000,4602.4501953125
^GSPC,2022-03-31,4599.02001953125,4603.06982421875,4530.41015625,4530.41015625,4823020000,4530.41015625
^GSPC,2022-04-01,4540.31982421875,4548.7001953125,4507.56982421875,4545.85986328125,4562940000,4545.85986328125
^GSPC,2022-04-04,4547.97021484375,4583.5,4539.2099609375,4582.64013671875,4547350000,4582.64013671875
^GSPC,2022-04-05,4572.4501953125,4593.4501953125,4514.169921875,4525.1201171875,4800620000,4525.1201171875
^GSPC,2022-04-06,4494.169921875,4503.93994140625,4450.0400390625,4481.14990234375,4986830000,4481.14990234375
^GSPC,2022-04-07,4474.64990234375,4521.16015625,4450.2998046875,4500.2099609375,4821490000,4500.2099609375
^GSPC,2022-04-08,4494.14990234375,4520.41015625,4474.60009765625,4488.27978515625,4083200000,4488.27978515625
^GSPC,2022-04-11,4462.64013671875,4464.35009765625,4408.3798828125,4412.52978515625,4266290000,4412.52978515625
^GSPC,2022-04-12,4437.58984375,4471,4381.33984375,4397.4501953125,4152090000,4397.4501953125
^GSPC,2022-04-13,4394.2998046875,4453.919921875,4392.7001953125,4446.58984375,3828150000,4446.58984375
^GSPC,2022-04-14,4449.1201171875,4460.4599609375,4390.77001953125,4392.58984375,4083090000,4392.58984375
^GSPC,2022-04-18,4385.6298828125,4410.31005859375,4370.2998046875,4391.68994140625,3910490000,4391.68994140625
^GSPC,2022-04-19,4390.6298828125,4471.02978515625,4390.6298828125,4462.2099609375,4108120000,4462.2099609375
^GSPC,2022-04-20,4472.259765625,4488.2900390625,4448.759765625,4459.4501953125,4290450000,4459.4501953125
^GSPC,2022-04-21,4489.169921875,4512.93994140625,4384.47021484375,4393.66015625,4636890000,4393.66015625
^GSPC,2022-04-22,4385.830078125,4385.830078125,4267.6201171875,4271.77978515625,4651940000,4271.77978515625
^GSPC,2022-04-25,4255.33984375,4299.02001953125,4200.81982421875,4296.1201171875,5240040000,4296.1201171875
^GSPC,2022-04-26,4278.14013671875,4278.14013671875,4175.0400390625,4175.2001953125,4689970000,4175.2001953125
^GSPC,2022-04-27,4186.52001953125,4240.7099609375,4162.89990234375,4183.9599609375,4769680000,4183.9599609375
^GSPC,2022-04-28,4222.580078125,4308.4501953125,4188.6298828125,4287.5,4854180000,4287.5
^GSPC,2022-04-29,4253.75,4269.68017578125,4124.27978515625,4131.93017578125,5084030000,4131.93017578125
^GSPC,2022-05-02,4130.60986328125,4169.81005859375,4062.510009765625,4155.3798828125,5163790000,4155.3798828125
^GSPC,2022-05-03,4159.77978515625,4200.10009765625,4147.080078125,4175.47998046875,4582050000,4175.47998046875
^GSPC,2022-05-04,4181.18017578125,4307.66015625,4148.91015625,4300.169921875,5136360000,4300.169921875
^GSPC,2022-05-05,4270.43017578125,4270.43017578125,4106.009765625,4146.8701171875,5077030000,4146.8701171875
^GSPC,2022-05-06,4128.169921875,4157.68994140625,4067.909912109375,4123.33984375,5116940000,4123.33984375
^GSPC,2022-05-09,4081.27001953125,4081.27001953125,3975.47998046875,3991.239990234375,5954520000,3991.239990234375
^GSPC,2022-05-10,4035.179931640625,4068.820068359375,3958.169921875,4001.050048828125,5885820000,4001.050048828125
^GSPC,2022-05-11,3990.080078125,4049.090087890625,3928.820068359375,3935.179931640625,5816140000,3935.179931640625
^GSPC,2022-05-12,3903.949951171875,3964.800048828125,3858.8701171875,3930.080078125,6286450000,3930.080078125
^GSPC,2022-05-13,3963.89990234375,4038.8798828125,3963.89990234375,4023.889892578125,5183340000,4023.889892578125
^GSPC,2022-05-16,4013.02001953125,4046.4599609375,3983.989990234375,4008.010009765625,4415030000,4008.010009765625
^GSPC,2022-05-17,4052,4090.719970703125,4033.929931640625,4088.85009765625,4841410000,4088.85009765625
^GSPC,2022-05-18,4051.97998046875,4051.97998046875,3911.909912109375,3923.679931640625,5103220000,3923.679931640625
^GSPC,2022-05-19,3899,3945.9599609375,3876.580078125,3900.7900390625,5113550000,3900.7900390625
^GSPC,2022-05-20,3927.760009765625,3943.419921875,3810.320068359375,3901.360107421875,5130730000,3901.360107421875
^GSPC,2022-05-23,3919.419921875,3981.8798828125,3909.0400390625,3973.75,4420030000,3973.75
^GSPC,2022-05-24,3942.93994140625,3955.679931640625,3875.1298828125,3941.47998046875,4923190000,3941.47998046875
^GSPC,2022-05-25,3929.590087890625,3999.330078125,3925.030029296875,3978.72998046875,4802560000,3978.72998046875
^GSPC,2022-05-26,3984.60009765625,4075.139892578125,3984.60009765625,4057.840087890625,4709970000,4057.840087890625
^GSPC,2022-05-27,4077.429931640625,4158.490234375,4077.429931640625,4158.240234375,4375620000,4158.240234375
^GSPC,2022-05-31,4151.08984375,4168.33984375,4104.8798828125,4132.14990234375,6822640000,4132.14990234375
^GSPC,2022-06-01,4149.77978515625,4166.5400390625,4073.85009765625,4101.22998046875,4531800000,4101.22998046875
^GSPC,2022-06-02,4095.409912109375,4177.509765625,4074.3701171875,4176.81982421875,4405790000,4176.81982421875
^GSPC,2022-06-03,4137.56982421875,4142.669921875,4098.669921875,4108.5400390625,3711110000,4108.5400390625
^GSPC,2022-06-06,4134.72021484375,4168.77978515625,4109.18017578125,4121.43017578125,4332700000,4121.43017578125
^GSPC,2022-06-07,4096.47021484375,4164.85986328125,4080.18994140625,4160.68017578125,4248210000,4160.68017578125
^GSPC,2022-06-08,4147.1201171875,4160.14013671875,4107.2001953125,4115.77001953125,4159470000,4115.77001953125
^GSPC,2022-06-09,4101.64990234375,4119.10009765625,4017.169921875,4017.820068359375,4134170000,4017.820068359375
^GSPC,2022-06-10,3974.389892578125,3974.389892578125,3900.159912109375,3900.860107421875,4889640000,3900.860107421875
^GSPC,2022-06-13,3838.14990234375,3838.14990234375,3734.300048828125,3749.6298828125,5636890000,3749.6298828125
^GSPC,2022-06-14,3763.52001953125,3778.179931640625,3705.679931640625,3735.47998046875,5153890000,3735.47998046875
^GSPC,2022-06-15,3764.050048828125,3837.56005859375,3722.300048828125,3789.989990234375,5530480000,3789.989990234375
^GSPC,2022-06-16,3728.179931640625,3728.179931640625,3639.77001953125,3666.77001953125,5644930000,3666.77001953125
^GSPC,2022-06-17,3665.89990234375,3707.7099609375,3636.8701171875,3674.840087890625,8520740000,3674.840087890625
^GSPC,2022-06-21,3715.31005859375,3779.64990234375,3715.31005859375,3764.7900390625,5292260000,3764.7900390625
^GSPC,2022-06-22,3733.889892578125,3801.7900390625,3717.68994140625,3759.889892578125,5058990000,3759.889892578125
^GSPC,2022-06-23,3774.7099609375,3802.580078125,3743.52001953125,3795.72998046875,5098640000,3795.72998046875
^GSPC,2022-06-24,3821.75,3913.64990234375,3821.75,3911.739990234375,8120260000,3911.739990234375
^GSPC,2022-06-27,3920.760009765625,3927.719970703125,3889.659912109375,3900.110107421875,4325310000,3900.110107421875
^GSPC,2022-06-28,3913,3945.860107421875,3820.139892578125,3821.550048828125,4270120000,3821.550048828125
^GSPC,2022-06-29,3825.090087890625,3836.5,3799.02001953125,3818.830078125,4211240000,3818.830078125
^GSPC,2022-06-30,3785.989990234375,3818.989990234375,3738.669921875,3785.3798828125,4840070000,3785.3798828125
^GSPC,2022-07-01,3781,3829.820068359375,3752.10009765625,3825.330078125,4046950000,3825.330078125
^GSPC,2022-07-05,3792.610107421875,3832.18994140625,3742.06005859375,3831.389892578125,5076590000,3831.389892578125
^GSPC,2022-07-06,3831.97998046875,3870.909912109375,3809.3701171875,3845.080078125,4417720000,3845.080078125
^GSPC,2022-07-07,3858.85009765625,3910.6298828125,3858.85009765625,3902.6201171875,4057770000,3902.6201171875
^GSPC,2022-07-08,3888.260009765625,3918.5,3869.340087890625,3899.3798828125,3521620000,3899.3798828125
^GSPC,2022-07-11,3880.93994140625,3880.93994140625,3847.219970703125,3854.429931640625,3423480000,3854.429931640625
^GSPC,2022-07-12,3851.949951171875,3873.409912109375,3802.360107421875,3818.800048828125,3817210000,3818.800048828125
^GSPC,2022-07-13,3779.669921875,3829.43994140625,3759.070068359375,3801.780029296875,4109390000,3801.780029296875
^GSPC,2022-07-14,3763.989990234375,3796.409912109375,3721.56005859375,3790.3798828125,4199690000,3790.3798828125
^GSPC,2022-07-15,3818,3863.6201171875,3817.179931640625,3863.159912109375,4143800000,3863.159912109375
^GSPC,2022-07-18,3883.7900390625,3902.43994140625,3818.6298828125,3830.85009765625,4046870000,3830.85009765625
^GSPC,2022-07-19,3860.72998046875,3939.81005859375,3860.72998046875,3936.68994140625,4041070000,3936.68994140625
^GSPC,2022-07-20,3935.320068359375,3974.1298828125,3922.030029296875,3959.89990234375,4185300000,3959.89990234375
^GSPC,2022-07-21,3955.469970703125,3999.2900390625,3927.639892578125,3998.949951171875,4132790000,3998.949951171875
^GSPC,2022-07-22,3998.429931640625,4012.43994140625,3938.860107421875,3961.6298828125,3979240000,3961.6298828125
^GSPC,2022-07-25,3965.719970703125,3975.300048828125,3943.4599609375,3966.840087890625,3568340000,3966.840087890625
^GSPC,2022-07-26,3953.219970703125,3953.219970703125,3910.739990234375,3921.050048828125,3778950000,3921.050048828125
^GSPC,2022-07-27,3951.429931640625,4039.56005859375,3951.429931640625,4023.610107421875,4112180000,4023.610107421875
^GSPC,2022-07-28,4026.1298828125,4078.949951171875,3992.969970703125,4072.429931640625,4413000000,4072.429931640625
^GSPC,2022-07-29,4087.330078125,4140.14990234375,4079.219970703125,4130.2900390625,4616360000,4130.2900390625
^GSPC,2022-08-01,4112.3798828125,4144.9501953125,4096.02001953125,4118.6298828125,4202810000,4118.6298828125
^GSPC,2022-08-02,4104.2099609375,4140.47021484375,4079.81005859375,4091.18994140625,4727710000,4091.18994140625
^GSPC,2022-08-03,4107.9599609375,4167.66015625,4107.9599609375,4155.169921875,4351760000,4155.169921875
^GSPC,2022-08-04,4154.85009765625,4161.2900390625,4135.419921875,4151.93994140625,4283320000,4151.93994140625
^GSPC,2022-08-05,4115.8701171875,4151.580078125,4107.31005859375,4145.18994140625,4085940000,4145.18994140625
^GSPC,2022-08-08,4155.93017578125,4186.6201171875,4128.97021484375,4140.06005859375,4221090000,4140.06005859375
^GSPC,2022-08-09,4133.10986328125,4137.2998046875,4112.08984375,4122.47021484375,3913090000,4122.47021484375
^GSPC,2022-08-10,4181.02001953125,4211.02978515625,4177.259765625,4210.240234375,4546010000,4210.240234375
^GSPC,2022-08-11,4227.39990234375,4257.91015625,4201.41015625,4207.27001953125,4630200000,4207.27001953125
^GSPC,2022-08-12,4225.02001953125,4280.47021484375,4219.77978515625,4280.14990234375,3788010000,4280.14990234375
^GSPC,2022-08-15,4269.3701171875,4301.7900390625,4256.89990234375,4297.14013671875,3696830000,4297.14013671875
^GSPC,2022-08-16,4290.4599609375,4325.27978515625,4277.77001953125,4305.2001953125,4329820000,4305.2001953125
^GSPC,2022-08-17,4280.39990234375,4302.18017578125,4253.080078125,4274.0400390625,3885030000,4274.0400390625
^GSPC,2022-08-18,4273.1298828125,4292.52978515625,4261.97998046875,4283.740234375,3340330000,4283.740234375
^GSPC,2022-08-19,4266.31005859375,4266.31005859375,4218.7001953125,4228.47998046875,3761340000,4228.47998046875
^GSPC,2022-08-22,4195.080078125,4195.080078125,4129.85986328125,4137.990234375,3907430000,4137.990234375
^GSPC,2022-08-23,4133.08984375,4159.77001953125,4124.02978515625,4128.72998046875,3823520000,4128.72998046875
^GSPC,2022-08-24,4126.5498046875,4156.56005859375,4119.97021484375,4140.77001953125,3583630000,4140.77001953125
^GSPC,2022-08-25,4153.259765625,4200.5400390625,4147.58984375,4199.1201171875,3566870000,4199.1201171875
^GSPC,2022-08-26,4198.740234375,4203.0400390625,4057.659912109375,4057.659912109375,3832750000,4057.659912109375
^GSPC,2022-08-29,4034.580078125,4062.989990234375,4017.419921875,4030.610107421875,3396510000,4030.610107421875
^GSPC,2022-08-30,4041.25,4044.97998046875,3965.2099609375,3986.159912109375,3835860000,3986.159912109375
^GSPC,2022-08-31,4000.669921875,4015.3701171875,3954.530029296875,3955,4542490000,3955
^GSPC,2022-09-01,3936.72998046875,3970.22998046875,3903.64990234375,3966.85009765625,4152250000,3966.85009765625
^GSPC,2022-09-02,3994.659912109375,4018.429931640625,3906.2099609375,3924.260009765625,3665850000,3924.260009765625
^GSPC,2022-09-06,3930.889892578125,3942.550048828125,3886.75,3908.18994140625,4127340000,3908.18994140625
^GSPC,2022-09-07,3909.429931640625,3987.889892578125,3906.030029296875,3979.8701171875,3890320000,3979.8701171875
^GSPC,2022-09-08,3959.93994140625,4010.5,3944.81005859375,4006.179931640625,3966850000,4006.179931640625
^GSPC,2022-09-09,4022.93994140625,4076.81005859375,4022.93994140625,4067.360107421875,3901940000,4067.360107421875
^GSPC,2022-09-12,4083.669921875,4119.27978515625,4083.669921875,4110.41015625,3814200000,4110.41015625
^GSPC,2022-09-13,4037.1201171875,4037.1201171875,3921.280029296875,3932.68994140625,4224550000,3932.68994140625
^GSPC,2022-09-14,3940.72998046875,3961.93994140625,3912.179931640625,3946.010009765625,4293240000,3946.010009765625
^GSPC,2022-09-15,3932.409912109375,3959.139892578125,3888.280029296875,3901.35009765625,4441830000,3901.35009765625
^GSPC,2022-09-16,3880.949951171875,3880.949951171875,3837.080078125,3873.330078125,7954650000,3873.330078125
^GSPC,2022-09-19,3849.909912109375,3900.449951171875,3838.5,3899.889892578125,3766850000,3899.889892578125
^GSPC,2022-09-20,3875.22998046875,3876.010009765625,3827.5400390625,3855.929931640625,4058050000,3855.929931640625
^GSPC,2022-09-21,3871.39990234375,3907.070068359375,3789.489990234375,3789.929931640625,4078330000,3789.929931640625
^GSPC,2022-09-22,3782.360107421875,3790.89990234375,3749.449951171875,3757.989990234375,4284600000,3757.989990234375
^GSPC,2022-09-23,3727.139892578125,3727.139892578125,3647.469970703125,3693.22998046875,5144270000,3693.22998046875
^GSPC,2022-09-26,3682.719970703125,3715.669921875,3644.760009765625,3655.0400390625,4886140000,3655.0400390625
^GSPC,2022-09-27,3686.43994140625,3717.530029296875,3623.2900390625,3647.2900390625,4577740000,3647.2900390625
^GSPC,2022-09-28,3651.93994140625,3736.739990234375,3640.610107421875,3719.0400390625,4684850000,3719.0400390625
^GSPC,2022-09-29,3687.010009765625,3687.010009765625,3610.39990234375,3640.469970703125,4681810000,3640.469970703125
^GSPC,2022-09-30,3633.47998046875,3671.43994140625,3584.1298828125,3585.6201171875,5645360000,3585.6201171875
^GSPC,2022-10-03,3609.780029296875,3698.35009765625,3604.929931640625,3678.429931640625,4806680000,3678.429931640625
^GSPC,2022-10-04,3726.4599609375,3791.919921875,3726.4599609375,3790.929931640625,5146580000,3790.929931640625
^GSPC,2022-10-05,3753.25,3806.909912109375,3722.659912109375,3783.280029296875,4293180000,3783.280029296875
^GSPC,2022-10-06,3771.969970703125,3797.929931640625,3739.219970703125,3744.52001953125,4252100000,3744.52001953125
^GSPC,2022-10-07,3706.739990234375,3706.739990234375,3620.72998046875,3639.659912109375,4449660000,3639.659912109375
^GSPC,2022-10-10,3647.510009765625,3652.169921875,3588.10009765625,3612.389892578125,3834320000,3612.389892578125
^GSPC,2022-10-11,3595.860107421875,3640.659912109375,3568.449951171875,3588.840087890625,4759030000,3588.840087890625
^GSPC,2022-10-12,3590.830078125,3608.340087890625,3573.860107421875,3577.030029296875,4006830000,3577.030029296875
^GSPC,2022-10-13,3520.3701171875,3685.409912109375,3491.580078125,3669.909912109375,5021680000,3669.909912109375
^GSPC,2022-10-14,3690.409912109375,3712,3579.679931640625,3583.070068359375,4243030000,3583.070068359375
^GSPC,2022-10-17,3638.64990234375,3689.72998046875,3638.64990234375,3677.949951171875,4352780000,3677.949951171875
^GSPC,2022-10-18,3746.260009765625,3762.7900390625,3686.530029296875,3719.97998046875,4483740000,3719.97998046875
^GSPC,2022-10-19,3703.110107421875,3728.580078125,3666.510009765625,3695.159912109375,4223800000,3695.159912109375
^GSPC,2022-10-20,3689.050048828125,3736,3656.43994140625,3665.780029296875,4496620000,3665.780029296875
^GSPC,2022-10-21,3657.10009765625,3757.889892578125,3647.419921875,3752.75,5078020000,3752.75
^GSPC,2022-10-24,3762.010009765625,3810.739990234375,3741.64990234375,3797.340087890625,4747930000,3797.340087890625
^GSPC,2022-10-25,3799.43994140625,3862.85009765625,3799.43994140625,3859.110107421875,4843120000,3859.110107421875
^GSPC,2022-10-26,3825.969970703125,3886.14990234375,3824.070068359375,3830.60009765625,4817310000,3830.60009765625
^GSPC,2022-10-27,3834.68994140625,3859.949951171875,3803.7900390625,3807.300048828125,4687320000,3807.300048828125
^GSPC,2022-10-28,3808.260009765625,3905.419921875,3808.260009765625,3901.06005859375,4459410000,3901.06005859375
^GSPC,2022-10-31,3881.85009765625,3893.72998046875,3863.179931640625,3871.97998046875,4820620000,3871.97998046875
^GSPC,2022-11-01,3901.7900390625,3911.7900390625,3843.800048828125,3856.10009765625,4481210000,3856.10009765625
^GSPC,2022-11-02,3852.89990234375,3894.43994140625,3758.679931640625,3759.68994140625,4899000000,3759.68994140625
^GSPC,2022-11-03,3733.25,3750.590087890625,3698.14990234375,3719.889892578125,4625290000,3719.889892578125
^GSPC,2022-11-04,3766.97998046875,3796.340087890625,3708.840087890625,3770.550048828125,5400180000,3770.550048828125
^GSPC,2022-11-07,3780.7099609375,3813.949951171875,3764.699951171875,3806.800048828125,4341620000,3806.800048828125
^GSPC,2022-11-08,3817.02001953125,3859.39990234375,3786.280029296875,3828.110107421875,4607640000,3828.110107421875
^GSPC,2022-11-09,3810.93994140625,3818.199951171875,3744.219970703125,3748.570068359375,4645010000,3748.570068359375
^GSPC,2022-11-10,3859.889892578125,3958.330078125,3859.889892578125,3956.3701171875,5781260000,3956.3701171875
^GSPC,2022-11-11,3963.719970703125,4001.47998046875,3944.820068359375,3992.929931640625,5593310000,3992.929931640625
^GSPC,2022-11-14,3977.969970703125,4008.969970703125,3956.39990234375,3957.25,4561930000,3957.25
^GSPC,2022-11-15,4006.409912109375,4028.840087890625,3953.169921875,3991.72998046875,5015310000,3991.72998046875
^GSPC,2022-11-16,3976.820068359375,3983.090087890625,3954.340087890625,3958.7900390625,4165320000,3958.7900390625
^GSPC,2022-11-17,3919.260009765625,3954.330078125,3906.5400390625,3946.56005859375,4051780000,3946.56005859375
^GSPC,2022-11-18,3966.389892578125,3979.889892578125,3935.97998046875,3965.340087890625,4037360000,3965.340087890625
^GSPC,2022-11-21,3956.22998046875,3962,3933.340087890625,3949.93994140625,3850690000,3949.93994140625
^GSPC,2022-11-22,3965.510009765625,4005.8798828125,3956.8798828125,4003.580078125,3887990000,4003.580078125
^GSPC,2022-11-23,4000.300048828125,4033.780029296875,3998.659912109375,4027.260009765625,3279720000,4027.260009765625
^GSPC,2022-11-25,4023.340087890625,4034.02001953125,4020.760009765625,4026.1201171875,1706460000,4026.1201171875
^GSPC,2022-11-28,4005.360107421875,4012.27001953125,3955.77001953125,3963.93994140625,3615430000,3963.93994140625
^GSPC,2022-11-29,3964.18994140625,3976.77001953125,3937.64990234375,3957.6298828125,3546040000,3957.6298828125
^GSPC,2022-11-30,3957.179931640625,4080.110107421875,3938.580078125,4080.110107421875,6579360000,4080.110107421875
^GSPC,2022-12-01,4087.139892578125,4100.509765625,4050.8701171875,4076.570068359375,4527130000,4076.570068359375
^GSPC,2022-12-02,4040.169921875,4080.47998046875,4026.6298828125,4071.699951171875,4012620000,4071.699951171875
^GSPC,2022-12-05,4052.02001953125,4052.449951171875,3984.489990234375,3998.840087890625,4280820000,3998.840087890625
^GSPC,2022-12-06,3996.6298828125,4001.510009765625,3918.389892578125,3941.260009765625,4368380000,3941.260009765625
^GSPC,2022-12-07,3933.280029296875,3957.570068359375,3922.679931640625,3933.919921875,4118050000,3933.919921875
^GSPC,2022-12-08,3947.7900390625,3974.18994140625,3935.830078125,3963.510009765625,4006900000,3963.510009765625
^GSPC,2022-12-09,3954.169921875,3977.02001953125,3933.0400390625,3934.3798828125,3888260000,3934.3798828125
^GSPC,2022-12-12,3939.2900390625,3990.7099609375,3935.300048828125,3990.56005859375,3904130000,3990.56005859375
^GSPC,2022-12-13,4069.3798828125,4100.9599609375,3993.030029296875,4019.64990234375,5079360000,4019.64990234375
^GSPC,2022-12-14,4015.5400390625,4053.760009765625,3965.64990234375,3995.320068359375,4472340000,3995.320068359375
^GSPC,2022-12-15,3958.3701171875,3958.3701171875,3879.449951171875,3895.75,4493900000,3895.75
^GSPC,2022-12-16,3890.909912109375,3890.909912109375,3827.909912109375,3852.360107421875,7493660000,3852.360107421875
^GSPC,2022-12-19,3853.7900390625,3854.860107421875,3800.0400390625,3817.659912109375,3969610000,3817.659912109375
^GSPC,2022-12-20,3810.469970703125,3838.239990234375,3795.6201171875,3821.6201171875,3985370000,3821.6201171875
^GSPC,2022-12-21,3839.489990234375,3889.820068359375,3839.489990234375,3878.43994140625,3775200000,3878.43994140625
^GSPC,2022-12-22,3853.260009765625,3853.260009765625,3764.489990234375,3822.389892578125,3956950000,3822.389892578125
^GSPC,2022-12-23,3815.110107421875,3845.800048828125,3797.010009765625,3844.820068359375,2819280000,3844.820068359375
^GSPC,2022-12-27,3843.340087890625,3846.64990234375,3813.219970703125,3829.25,3030300000,3829.25
^GSPC,2022-12-28,3829.56005859375,3848.320068359375,3780.780029296875,3783.219970703125,3083520000,3783.219970703125
^GSPC,2022-12-29,3805.449951171875,3858.18994140625,3805.449951171875,3849.280029296875,3003680000,3849.280029296875
^GSPC,2022-12-30,3829.06005859375,3839.85009765625,3800.340087890625,3839.5,2979870000,3839.5
^GSPC,2023-01-03,3853.2900390625,3878.4599609375,3794.330078125,3824.139892578125,3959140000,3824.139892578125
^GSPC,2023-01-04,3840.360107421875,3873.159912109375,3815.77001953125,3852.969970703125,4414080000,3852.969970703125
^GSPC,2023-01-05,3839.739990234375,3839.739990234375,3802.419921875,3808.10009765625,3893450000,3808.10009765625
^GSPC,2023-01-06,3823.3701171875,3906.18994140625,3809.56005859375,3895.080078125,3923560000,3895.080078125
^GSPC,2023-01-09,3910.820068359375,3950.570068359375,3890.419921875,3892.090087890625,4311770000,3892.090087890625
^GSPC,2023-01-10,3888.570068359375,3919.830078125,3877.2900390625,3919.25,3851030000,3919.25
^GSPC,2023-01-11,3932.35009765625,3970.070068359375,3928.5400390625,3969.610107421875,4303360000,3969.610107421875
^GSPC,2023-01-12,3977.570068359375,3997.760009765625,3937.56005859375,3983.169921875,4440260000,3983.169921875
^GSPC,2023-01-13,3960.60009765625,4003.949951171875,3947.669921875,3999.090087890625,3939700000,3999.090087890625
^GSPC,2023-01-17,3999.280029296875,4015.389892578125,3984.570068359375,3990.969970703125,4235560000,3990.969970703125
^GSPC,2023-01-18,4002.25,4014.159912109375,3926.590087890625,3928.860107421875,4298710000,3928.860107421875
^GSPC,2023-01-19,3911.840087890625,3922.93994140625,3885.5400390625,3898.85009765625,3991500000,3898.85009765625
^GSPC,2023-01-20,3909.0400390625,3972.9599609375,3897.860107421875,3972.610107421875,4013360000,3972.610107421875
^GSPC,2023-01-23,3978.139892578125,4039.31005859375,3971.639892578125,4019.81005859375,3945210000,4019.81005859375
^GSPC,2023-01-24,4001.739990234375,4023.919921875,3989.7900390625,4016.949951171875,3320430000,4016.949951171875
^GSPC,2023-01-25,3982.7099609375,4019.550048828125,3949.06005859375,4016.219970703125,3724020000,4016.219970703125
^GSPC,2023-01-26,4036.080078125,4061.570068359375,4013.2900390625,4060.429931640625,3809590000,4060.429931640625
^GSPC,2023-01-27,4053.719970703125,4094.2099609375,4048.699951171875,4070.56005859375,3907760000,4070.56005859375
^GSPC,2023-01-30,4049.27001953125,4063.85009765625,4015.550048828125,4017.77001953125,3802000000,4017.77001953125
^GSPC,2023-01-31,4020.85009765625,4077.159912109375,4020.43994140625,4076.60009765625,4679320000,4076.60009765625
^GSPC,2023-02-01,4070.070068359375,4148.9501953125,4037.199951171875,4119.2099609375,4856930000,4119.2099609375
^GSPC,2023-02-02,4158.68017578125,4195.43994140625,4141.8798828125,4179.759765625,5624360000,4179.759765625
^GSPC,2023-02-03,4136.68994140625,4182.35986328125,4123.35986328125,4136.47998046875,4694510000,4136.47998046875
^GSPC,2023-02-06,4119.56982421875,4124.6298828125,4093.3798828125,4111.080078125,4114240000,4111.080078125
^GSPC,2023-02-07,4105.35009765625,4176.5400390625,4088.389892578125,4164,4355860000,4164
^GSPC,2023-02-08,4153.47021484375,4156.85009765625,4111.669921875,4117.85986328125,4029820000,4117.85986328125
^GSPC,2023-02-09,4144.25,4156.22998046875,4069.669921875,4081.5,4270200000,4081.5
^GSPC,2023-02-10,4068.919921875,4094.360107421875,4060.7900390625,4090.4599609375,3891520000,4090.4599609375
^GSPC,2023-02-13,4096.6201171875,4138.89990234375,4092.669921875,4137.2900390625,3448620000,4137.2900390625
^GSPC,2023-02-14,4126.7001953125,4159.77001953125,4095.010009765625,4136.1298828125,3929200000,4136.1298828125
^GSPC,2023-02-15,4119.5,4148.10986328125,4103.97998046875,4147.60009765625,4075980000,4147.60009765625
^GSPC,2023-02-16,4114.75,4136.5400390625,4089.489990234375,4090.409912109375,4143660000,4090.409912109375
^GSPC,2023-02-17,4077.389892578125,4081.510009765625,4047.949951171875,4079.090087890625,4045480000,4079.090087890625
^GSPC,2023-02-21,4052.35009765625,4052.35009765625,3995.18994140625,3997.340087890625,4121590000,3997.340087890625
^GSPC,2023-02-22,4001.830078125,4017.3701171875,3976.89990234375,3991.050048828125,4079320000,3991.050048828125
^GSPC,2023-02-23,4018.60009765625,4028.300048828125,3969.18994140625,4012.320068359375,3952940000,4012.320068359375
^GSPC,2023-02-24,3973.239990234375,3978.25,3943.080078125,3970.0400390625,3877700000,3970.0400390625
^GSPC,2023-02-27,3992.360107421875,4018.050048828125,3973.550048828125,3982.239990234375,3836950000,3982.239990234375
^GSPC,2023-02-28,3977.18994140625,3997.5,3968.97998046875,3970.14990234375,5043400000,3970.14990234375
^GSPC,2023-03-01,3963.340087890625,3971.72998046875,3939.050048828125,3951.389892578125,4249480000,3951.389892578125
^GSPC,2023-03-02,3938.679931640625,3990.840087890625,3928.159912109375,3981.35009765625,4244900000,3981.35009765625
^GSPC,2023-03-03,3998.02001953125,4048.2900390625,3995.169921875,4045.639892578125,4084730000,4045.639892578125
^GSPC,2023-03-06,4055.14990234375,4078.489990234375,4044.610107421875,4048.419921875,4000870000,4048.419921875
^GSPC,2023-03-07,4048.260009765625,4050,3980.31005859375,3986.3701171875,3922500000,3986.3701171875
^GSPC,2023-03-08,3987.550048828125,4000.409912109375,3969.760009765625,3992.010009765625,3535570000,3992.010009765625
^GSPC,2023-03-09,3998.659912109375,4017.81005859375,3908.699951171875,3918.320068359375,4445260000,3918.320068359375
^GSPC,2023-03-10,3912.77001953125,3934.050048828125,3846.320068359375,3861.590087890625,5518190000,3861.590087890625
^GSPC,2023-03-13,3835.1201171875,3905.050048828125,3808.860107421875,3855.760009765625,6558020000,3855.760009765625
^GSPC,2023-03-14,3894.010009765625,3937.2900390625,3873.6298828125,3919.2900390625,5665870000,3919.2900390625
^GSPC,2023-03-15,3876.739990234375,3894.260009765625,3838.239990234375,3891.929931640625,6594010000,3891.929931640625
^GSPC,2023-03-16,3878.929931640625,3964.4599609375,3864.110107421875,3960.280029296875,5695790000,3960.280029296875
^GSPC,2023-03-17,3958.68994140625,3958.909912109375,3901.27001953125,3916.639892578125,9354280000,3916.639892578125
^GSPC,2023-03-20,3917.469970703125,3956.6201171875,3916.889892578125,3951.570068359375,5347140000,3951.570068359375
^GSPC,2023-03-21,3975.889892578125,4009.080078125,3971.18994140625,4002.8701171875,4920240000,4002.8701171875
^GSPC,2023-03-22,4002.0400390625,4039.489990234375,3936.169921875,3936.969970703125,4533010000,3936.969970703125
^GSPC,2023-03-23,3959.2099609375,4007.659912109375,3919.050048828125,3948.719970703125,4991600000,3948.719970703125
^GSPC,2023-03-24,3939.2099609375,3972.739990234375,3909.159912109375,3970.989990234375,4583970000,3970.989990234375
^GSPC,2023-03-27,3982.929931640625,4003.830078125,3970.489990234375,3977.530029296875,4233540000,3977.530029296875
^GSPC,2023-03-28,3974.1298828125,3979.199951171875,3951.530029296875,3971.27001953125,4014600000,3971.27001953125
^GSPC,2023-03-29,3999.530029296875,4030.590087890625,3999.530029296875,4027.81005859375,4145250000,4027.81005859375
^GSPC,2023-03-30,4046.739990234375,4057.85009765625,4032.10009765625,4050.830078125,3930860000,4050.830078125
^GSPC,2023-03-31,4056.179931640625,4110.75,4056.179931640625,4109.31005859375,4525120000,4109.31005859375
^GSPC,2023-04-03,4102.2001953125,4127.66015625,4098.7900390625,4124.509765625,4234700000,4124.509765625
^GSPC,2023-04-04,4128.02978515625,4133.1298828125,4086.8701171875,4100.60009765625,4227800000,4100.60009765625
^GSPC,2023-04-05,4094.5,4099.68994140625,4072.56005859375,4090.3798828125,3968020000,4090.3798828125
^GSPC,2023-04-06,4081.14990234375,4107.31982421875,4069.840087890625,4105.02001953125,3486690000,4105.02001953125
^GSPC,2023-04-10,4085.199951171875,4109.5,4072.550048828125,4109.10986328125,3423650000,4109.10986328125
^GSPC,2023-04-11,4110.2900390625,4124.259765625,4102.60986328125,4108.93994140625,3665830000,4108.93994140625
^GSPC,2023-04-12,4121.72021484375,4134.3701171875,4086.93994140625,4091.949951171875,3633120000,4091.949951171875
^GSPC,2023-04-13,4100.0400390625,4150.259765625,4099.39990234375,4146.22021484375,3596590000,4146.22021484375
^GSPC,2023-04-14,4140.10986328125,4163.18994140625,4113.2001953125,4137.64013671875,3575690000,4137.64013671875
^GSPC,2023-04-17,4137.169921875,4151.72021484375,4123.18017578125,4151.31982421875,3611180000,4151.31982421875
^GSPC,2023-04-18,4164.259765625,4169.47998046875,4140.35986328125,4154.8701171875,3536640000,4154.8701171875
^GSPC,2023-04-19,4139.330078125,4162.56982421875,4134.490234375,4154.52001953125,3572560000,4154.52001953125
^GSPC,2023-04-20,4130.47998046875,4148.56982421875,4114.56982421875,4129.7900390625,3772080000,4129.7900390625
^GSPC,2023-04-21,4132.14013671875,4138.02001953125,4113.85986328125,4133.52001953125,3611750000,4133.52001953125
^GSPC,2023-04-24,4132.06982421875,4142.41015625,4117.77001953125,4137.0400390625,3290940000,4137.0400390625
^GSPC,2023-04-25,4126.43017578125,4126.43017578125,4071.3798828125,4071.6298828125,3978640000,4071.6298828125
^GSPC,2023-04-26,4087.780029296875,4089.669921875,4049.35009765625,4055.989990234375,3837030000,4055.989990234375
^GSPC,2023-04-27,4075.2900390625,4138.240234375,4075.2900390625,4135.35009765625,3750550000,4135.35009765625
^GSPC,2023-04-28,4129.6298828125,4170.06005859375,4127.18017578125,4169.47998046875,4087800000,4169.47998046875
^GSPC,2023-05-01,4166.7900390625,4186.919921875,4164.1201171875,4167.8701171875,3321370000,4167.8701171875
^GSPC,2023-05-02,4164.10009765625,4164.10009765625,4089.719970703125,4119.580078125,4486130000,4119.580078125
^GSPC,2023-05-03,4122.25,4148.2998046875,4088.860107421875,4090.75,4246510000,4090.75
^GSPC,2023-05-04,4082.550048828125,4082.610107421875,4048.280029296875,4061.219970703125,4920090000,4061.219970703125
^GSPC,2023-05-05,4084.72998046875,4147.02001953125,4084.72998046875,4136.25,4186270000,4136.25
^GSPC,2023-05-08,4136.97998046875,4142.2998046875,4123.81005859375,4138.1201171875,3641640000,4138.1201171875
^GSPC,2023-05-09,4124.25,4130.35009765625,4116.64990234375,4119.169921875,3810140000,4119.169921875
^GSPC,2023-05-10,4143.740234375,4154.27978515625,4098.919921875,4137.64013671875,4057160000,4137.64013671875
^GSPC,2023-05-11,4132.240234375,4132.7998046875,4109.2900390625,4130.6201171875,3752900000,4130.6201171875
^GSPC,2023-05-12,4138.5400390625,4143.740234375,4099.1201171875,4124.080078125,3533740000,4124.080078125
^GSPC,2023-05-15,4126.64990234375,4141.25,4110.27001953125,4136.27978515625,3562170000,4136.27978515625
^GSPC,2023-05-16,4127.9501953125,4135.5400390625,4109.85986328125,4109.89990234375,3654200000,4109.89990234375
^GSPC,2023-05-17,4122.85009765625,4164.669921875,4113.6201171875,4158.77001953125,4039080000,4158.77001953125
^GSPC,2023-05-18,4157.68017578125,4202.2001953125,4153.5,4198.0498046875,3980500000,4198.0498046875
^GSPC,2023-05-19,4204.14990234375,4212.91015625,4180.2001953125,4191.97998046875,4041900000,4191.97998046875
^GSPC,2023-05-22,4190.77978515625,4209.22021484375,4179.68017578125,4192.6298828125,3728520000,4192.6298828125
^GSPC,2023-05-23,4176.7998046875,4185.68017578125,4142.5400390625,4145.580078125,4155320000,4145.580078125
^GSPC,2023-05-24,4132.9599609375,4132.9599609375,4103.97998046875,4115.240234375,0,4115.240234375
^GSPC,2023-05-25,4155.7099609375,4165.740234375,4129.72998046875,4151.27978515625,4147760000,4151.27978515625
^GSPC,2023-05-26,4156.16015625,4212.8701171875,4156.16015625,4205.4501953125,3715460000,4205.4501953125
^GSPC,2023-05-30,4226.7099609375,4231.10009765625,4192.18017578125,4205.52001953125,4228510000,4205.52001953125
^GSPC,2023-05-31,4190.740234375,4195.43994140625,4166.14990234375,4179.830078125,5980670000,4179.830078125
^GSPC,2023-06-01,4183.02978515625,4232.43017578125,4171.64013671875,4221.02001953125,4391860000,4221.02001953125
^GSPC,2023-06-02,4241.009765625,4290.669921875,4241.009765625,4282.3701171875,4454200000,4282.3701171875
^GSPC,2023-06-05,4282.990234375,4299.27978515625,4266.81982421875,4273.7900390625,3813290000,4273.7900390625
^GSPC,2023-06-06,4271.33984375,4288.330078125,4263.08984375,4283.85009765625,3996560000,4283.85009765625
^GSPC,2023-06-07,4285.47021484375,4299.18994140625,4263.9599609375,4267.52001953125,4537800000,4267.52001953125
^GSPC,2023-06-08,4268.68994140625,4298.009765625,4261.06982421875,4293.93017578125,3826740000,4293.93017578125
^GSPC,2023-06-09,4304.8798828125,4322.6201171875,4291.7001953125,4298.85986328125,3786510000,4298.85986328125
^GSPC,2023-06-12,4308.31982421875,4340.1298828125,4304.3701171875,4338.93017578125,3945670000,4338.93017578125
^GSPC,2023-06-13,4352.60986328125,4375.3701171875,4349.31005859375,4369.009765625,4275400000,4369.009765625
^GSPC,2023-06-14,4366.2900390625,4391.81982421875,4337.85009765625,4372.58984375,4252110000,4372.58984375
^GSPC,2023-06-15,4365.330078125,4439.2001953125,4362.60009765625,4425.83984375,4176690000,4425.83984375
^GSPC,2023-06-16,4440.9501953125,4448.47021484375,4407.43994140625,4409.58984375,6848600000,4409.58984375
^GSPC,2023-06-20,4396.10986328125,4400.14990234375,4367.18994140625,4388.7099609375,4055790000,4388.7099609375
^GSPC,2023-06-21,4380.009765625,4386.22021484375,4360.14013671875,4365.68994140625,3709330000,4365.68994140625
^GSPC,2023-06-22,4355.39990234375,4382.25,4351.81982421875,4381.89013671875,3511000000,4381.89013671875
^GSPC,2023-06-23,4354.169921875,4366.5498046875,4341.33984375,4348.330078125,6053620000,4348.330078125
^GSPC,2023-06-26,4344.83984375,4362.06005859375,4328.080078125,4328.81982421875,3415030000,4328.81982421875
^GSPC,2023-06-27,4337.35986328125,4384.419921875,4335,4378.41015625,3573500000,4378.41015625
^GSPC,2023-06-28,4367.47998046875,4390.35009765625,4360.22021484375,4376.85986328125,3739330000,4376.85986328125
^GSPC,2023-06-29,4374.93994140625,4398.39013671875,4371.97021484375,4396.43994140625,3696660000,4396.43994140625
^GSPC,2023-06-30,4422.43994140625,4458.47998046875,4422.43994140625,4450.3798828125,3923450000,4450.3798828125
^GSPC,2023-07-03,4450.47998046875,4456.4599609375,4442.2900390625,4455.58984375,2034280000,4455.58984375
^GSPC,2023-07-05,4442.0400390625,4454.06005859375,4436.60986328125,4446.81982421875,3482620000,4446.81982421875
^GSPC,2023-07-06,4422.6201171875,4422.6201171875,4385.0498046875,4411.58984375,3682020000,4411.58984375
^GSPC,2023-07-07,4404.5400390625,4440.39013671875,4397.39990234375,4398.9501953125,3630480000,4398.9501953125
^GSPC,2023-07-10,4394.22998046875,4412.60009765625,4389.919921875,4409.52978515625,3429600000,4409.52978515625
^GSPC,2023-07-11,4415.5498046875,4443.64013671875,4408.4599609375,4439.259765625,3624220000,4439.259765625
^GSPC,2023-07-12,4467.68994140625,4488.33984375,4463.22998046875,4472.16015625,3920290000,4472.16015625
^GSPC,2023-07-13,4491.5,4517.3798828125,4489.35986328125,4510.0400390625,3839530000,4510.0400390625
^GSPC,2023-07-14,4514.60986328125,4527.759765625,4499.56005859375,4505.419921875,3647450000,4505.419921875
^GSPC,2023-07-17,4508.85986328125,4532.85009765625,4504.89990234375,4522.7900390625,3538240000,4522.7900390625
^GSPC,2023-07-18,4521.77978515625,4562.2998046875,4514.58984375,4554.97998046875,4090010000,4554.97998046875
^GSPC,2023-07-19,4563.8701171875,4578.43017578125,4557.47998046875,4565.72021484375,4115670000,4565.72021484375
^GSPC,2023-07-20,4554.3798828125,4564.740234375,4527.56005859375,4534.8701171875,3761770000,4534.8701171875
^GSPC,2023-07-21,4550.16015625,4555,4535.7900390625,4536.33984375,3570190000,4536.33984375
^GSPC,2023-07-24,4543.39013671875,4563.41015625,4541.2900390625,4554.64013671875,3856250000,4554.64013671875
^GSPC,2023-07-25,4555.18994140625,4580.6201171875,4552.419921875,4567.4599609375,3812470000,4567.4599609375
^GSPC,2023-07-26,4558.9599609375,4582.47021484375,4547.580078125,4566.75,3990290000,4566.75
^GSPC,2023-07-27,4598.259765625,4607.06982421875,4528.56005859375,4537.41015625,4553210000,4537.41015625
^GSPC,2023-07-28,4565.75,4590.16015625,4564.009765625,4582.22998046875,3981010000,4582.22998046875
^GSPC,2023-07-31,4584.81982421875,4594.22021484375,4573.14013671875,4588.9599609375,4503600000,4588.9599609375
^GSPC,2023-08-01,4578.830078125,4584.6201171875,4567.52978515625,4576.72998046875,4042370000,4576.72998046875
^GSPC,2023-08-02,4550.93017578125,4550.93017578125,4505.75,4513.39013671875,4270710000,4513.39013671875
^GSPC,2023-08-03,4494.27001953125,4519.490234375,4485.5400390625,4501.89013671875,4149120000,4501.89013671875
^GSPC,2023-08-04,4513.9599609375,4540.33984375,4474.5498046875,4478.02978515625,4143310000,4478.02978515625
^GSPC,2023-08-07,4491.580078125,4519.83984375,4491.14990234375,4518.43994140625,3493920000,4518.43994140625
^GSPC,2023-08-08,4498.02978515625,4503.31005859375,4464.39013671875,4499.3798828125,3884910000,4499.3798828125
^GSPC,2023-08-09,4501.56982421875,4502.43994140625,4461.330078125,4467.7099609375,3803100000,4467.7099609375
^GSPC,2023-08-10,4487.16015625,4527.3701171875,4457.919921875,4468.830078125,4504370000,4468.830078125
^GSPC,2023-08-11,4450.68994140625,4476.22998046875,4443.97998046875,4464.0498046875,3753290000,4464.0498046875
^GSPC,2023-08-14,4458.1298828125,4490.330078125,4453.43994140625,4489.72021484375,3896410000,4489.72021484375
^GSPC,2023-08-15,4478.8701171875,4478.8701171875,4432.18994140625,4437.85986328125,3832250000,4437.85986328125
^GSPC,2023-08-16,4433.7900390625,4449.9501953125,4403.5498046875,4404.330078125,3753910000,4404.330078125
^GSPC,2023-08-17,4416.31982421875,4421.169921875,4364.830078125,4370.35986328125,3943700000,4370.35986328125
^GSPC,2023-08-18,4344.8798828125,4381.81982421875,4335.31005859375,4369.7099609375,3940400000,4369.7099609375
^GSPC,2023-08-21,4380.27978515625,4407.5498046875,4360.2998046875,4399.77001953125,3726850000,4399.77001953125
^GSPC,2023-08-22,4415.330078125,4418.58984375,4382.77001953125,4387.5498046875,3522760000,4387.5498046875
^GSPC,2023-08-23,4396.43994140625,4443.18017578125,4396.43994140625,4436.009765625,3837270000,4436.009765625
^GSPC,2023-08-24,4455.16015625,4458.2998046875,4375.5498046875,4376.31005859375,3723470000,4376.31005859375
^GSPC,2023-08-25,4389.3798828125,4418.4599609375,4356.2900390625,4405.7099609375,3296180000,4405.7099609375
^GSPC,2023-08-28,4426.02978515625,4439.56005859375,4414.97998046875,4433.31005859375,2957230000,4433.31005859375
^GSPC,2023-08-29,4432.75,4500.14013671875,4431.68017578125,4497.6298828125,3354820000,4497.6298828125
^GSPC,2023-08-30,4500.33984375,4521.64990234375,4493.58984375,4514.8701171875,3064110000,4514.8701171875
^GSPC,2023-08-31,4517.009765625,4532.259765625,4507.39013671875,4507.66015625,3946360000,4507.66015625
^GSPC,2023-09-01,4530.60009765625,4541.25,4501.35009765625,4515.77001953125,3246260000,4515.77001953125
^GSPC,2023-09-05,4510.06005859375,4514.2900390625,4496.009765625,4496.830078125,3526250000,4496.830078125
^GSPC,2023-09-06,4490.35009765625,4490.35009765625,4442.3798828125,4465.47998046875,3418850000,4465.47998046875
^GSPC,2023-09-07,4434.5498046875,4457.81005859375,4430.4599609375,4451.14013671875,3763760000,4451.14013671875
^GSPC,2023-09-08,4451.2998046875,4473.52978515625,4448.3798828125,4457.490234375,3259290000,4457.490234375
^GSPC,2023-09-11,4480.97998046875,4490.77001953125,4467.89013671875,4487.4599609375,3369920000,4487.4599609375
^GSPC,2023-09-12,4473.27001953125,4487.10986328125,4456.830078125,4461.89990234375,3435740000,4461.89990234375
^GSPC,2023-09-13,4462.64990234375,4479.39013671875,4453.52001953125,4467.43994140625,3529430000,4467.43994140625
^GSPC,2023-09-14,4487.77978515625,4511.990234375,4478.68994140625,4505.10009765625,3648720000,4505.10009765625
^GSPC,2023-09-15,4497.97998046875,4497.97998046875,4447.2099609375,4450.31982421875,6932230000,4450.31982421875
^GSPC,2023-09-18,4445.1298828125,4466.35986328125,4442.10986328125,4453.52978515625,3161230000,4453.52978515625
^GSPC,2023-09-19,4445.41015625,4449.85009765625,4416.60986328125,4443.9501953125,3614880000,4443.9501953125
^GSPC,2023-09-20,4452.81005859375,4461.02978515625,4401.3798828125,4402.2001953125,3308450000,4402.2001953125
^GSPC,2023-09-21,4374.35986328125,4375.7001953125,4329.169921875,4330,3662340000,4330
^GSPC,2023-09-22,4341.740234375,4357.39990234375,4316.490234375,4320.06005859375,3349570000,4320.06005859375
^GSPC,2023-09-25,4310.6201171875,4338.509765625,4302.7001953125,4337.43994140625,3195650000,4337.43994140625
^GSPC,2023-09-26,4312.8798828125,4313.009765625,4265.97998046875,4273.52978515625,3472340000,4273.52978515625
^GSPC,2023-09-27,4282.6298828125,4292.06982421875,4238.6298828125,4274.509765625,3875880000,4274.509765625
^GSPC,2023-09-28,4269.64990234375,4317.27001953125,4264.3798828125,4299.7001953125,3846230000,4299.7001953125
^GSPC,2023-09-29,4328.18017578125,4333.14990234375,4274.85986328125,4288.0498046875,3865960000,4288.0498046875
^GSPC,2023-10-02,4284.52001953125,4300.580078125,4260.2099609375,4288.39013671875,3938660000,4288.39013671875
^GSPC,2023-10-03,4269.75,4281.14990234375,4216.4501953125,4229.4501953125,3953830000,4229.4501953125
^GSPC,2023-10-04,4233.830078125,4268.5,4220.47998046875,4263.75,3777600000,4263.75
^GSPC,2023-10-05,4259.31005859375,4267.1298828125,4225.91015625,4258.18994140625,3581470000,4258.18994140625
^GSPC,2023-10-06,4234.7900390625,4324.10009765625,4219.5498046875,4308.5,3902030000,4308.5
^GSPC,2023-10-09,4289.02001953125,4341.72998046875,4283.7900390625,4335.66015625,3174630000,4335.66015625
^GSPC,2023-10-10,4339.75,4385.4599609375,4339.64013671875,4358.240234375,3520240000,4358.240234375
^GSPC,2023-10-11,4366.58984375,4378.64013671875,4345.33984375,4376.9501953125,3601660000,4376.9501953125
^GSPC,2023-10-12,4380.93994140625,4385.85009765625,4325.43017578125,4349.60986328125,3713140000,4349.60986328125
^GSPC,2023-10-13,4360.490234375,4377.10009765625,4311.97021484375,4327.77978515625,3566560000,4327.77978515625
^GSPC,2023-10-16,4342.3701171875,4383.330078125,4342.3701171875,4373.6298828125,3409960000,4373.6298828125
^GSPC,2023-10-17,4345.22998046875,4393.56982421875,4337.5400390625,4373.2001953125,3794850000,4373.2001953125
^GSPC,2023-10-18,4357.35009765625,4364.2001953125,4303.83984375,4314.60009765625,3686030000,4314.60009765625
^GSPC,2023-10-19,4321.35986328125,4339.5400390625,4269.68994140625,4278,3969730000,4278
^GSPC,2023-10-20,4273.85009765625,4276.56005859375,4223.02978515625,4224.16015625,4004030000,4224.16015625
^GSPC,2023-10-23,4210.39990234375,4255.83984375,4189.22021484375,4217.0400390625,3776100000,4217.0400390625
^GSPC,2023-10-24,4235.7900390625,4259.3798828125,4219.43017578125,4247.68017578125,3821820000,4247.68017578125
^GSPC,2023-10-25,4232.419921875,4232.419921875,4181.419921875,4186.77001953125,3869370000,4186.77001953125
^GSPC,2023-10-26,4175.990234375,4183.60009765625,4127.89990234375,4137.22998046875,4277640000,4137.22998046875
^GSPC,2023-10-27,4152.93017578125,4156.7001953125,4103.77978515625,4117.3701171875,4019500000,4117.3701171875
^GSPC,2023-10-30,4139.39013671875,4177.47021484375,4132.93994140625,4166.81982421875,3911140000,4166.81982421875
^GSPC,2023-10-31,4171.330078125,4195.5498046875,4153.1201171875,4193.7998046875,4249470000,4193.7998046875
^GSPC,2023-11-01,4201.27001953125,4245.64013671875,4197.740234375,4237.85986328125,4224900000,4237.85986328125
^GSPC,2023-11-02,4268.259765625,4319.72021484375,4268.259765625,4317.77978515625,4669780000,4317.77978515625
^GSPC,2023-11-03,4334.22998046875,4373.6201171875,4334.22998046875,4358.33984375,4570960000,4358.33984375
^GSPC,2023-11-06,4364.27001953125,4372.2099609375,4347.52978515625,4365.97998046875,3656340000,4365.97998046875
^GSPC,2023-11-07,4366.2099609375,4386.259765625,4355.41015625,4378.3798828125,3791230000,4378.3798828125
^GSPC,2023-11-08,4384.3701171875,4391.2001953125,4359.759765625,4382.77978515625,3729510000,4382.77978515625
^GSPC,2023-11-09,4391.41015625,4393.39990234375,4343.93994140625,4347.35009765625,3900780000,4347.35009765625
^GSPC,2023-11-10,4364.14990234375,4418.02978515625,4353.33984375,4415.240234375,3665080000,4415.240234375
^GSPC,2023-11-13,4406.66015625,4421.759765625,4393.81982421875,4411.5498046875,3326240000,4411.5498046875
^GSPC,2023-11-14,4458.97021484375,4508.669921875,4458.97021484375,4495.7001953125,4700350000,4495.7001953125
^GSPC,2023-11-15,4505.2998046875,4521.169921875,4495.31005859375,4502.8798828125,4347170000,4502.8798828125
^GSPC,2023-11-16,4497.080078125,4511.990234375,4487.830078125,4508.240234375,3964520000,4508.240234375
^GSPC,2023-11-17,4509.5498046875,4520.1201171875,4499.66015625,4514.02001953125,3777240000,4514.02001953125
^GSPC,2023-11-20,4511.7001953125,4557.10986328125,4510.35986328125,4547.3798828125,3644790000,4547.3798828125
^GSPC,2023-11-21,4538.77001953125,4542.14013671875,4525.509765625,4538.18994140625,3511080000,4538.18994140625
^GSPC,2023-11-22,4553.0400390625,4568.43017578125,4545.0498046875,4556.6201171875,3042810000,4556.6201171875
^GSPC,2023-11-24,4555.83984375,4560.31005859375,4552.7998046875,4559.33984375,1639500000,4559.33984375
^GSPC,2023-11-27,4554.85986328125,4560.52001953125,4546.31982421875,4550.43017578125,3403990000,4550.43017578125
^GSPC,2023-11-28,4545.5498046875,4568.14013671875,4540.509765625,4554.89013671875,3586240000,4554.89013671875
^GSPC,2023-11-29,4571.83984375,4587.64013671875,4547.14990234375,4550.580078125,4418760000,4550.580078125
^GSPC,2023-11-30,4554.8701171875,4569.89013671875,4537.240234375,4567.7998046875,5399300000,4567.7998046875
^GSPC,2023-12-01,4559.43017578125,4599.39013671875,4554.7099609375,4594.6298828125,4397120000,4594.6298828125
^GSPC,2023-12-04,4564.3701171875,4572.3701171875,4546.72021484375,4569.77978515625,4369910000,4569.77978515625
^GSPC,2023-12-05,4557.25,4578.56005859375,4551.68017578125,4567.18017578125,3909950000,4567.18017578125
^GSPC,2023-12-06,4586.22998046875,4590.740234375,4546.5,4549.33984375,4245680000,4549.33984375
^GSPC,2023-12-07,4568.83984375,4590.919921875,4565.22021484375,4585.58984375,3818880000,4585.58984375
^GSPC,2023-12-08,4576.2001953125,4609.22998046875,4574.06005859375,4604.3701171875,3707010000,4604.3701171875
^GSPC,2023-12-11,4593.39013671875,4623.7099609375,4593.39013671875,4622.43994140625,3823210000,4622.43994140625
^GSPC,2023-12-12,4618.2998046875,4643.93017578125,4608.08984375,4643.7001953125,3808380000,4643.7001953125
^GSPC,2023-12-13,4646.2001953125,4709.68994140625,4643.22998046875,4707.08984375,5063650000,4707.08984375
^GSPC,2023-12-14,4721.0400390625,4738.56982421875,4694.33984375,4719.5498046875,6314040000,4719.5498046875
^GSPC,2023-12-15,4714.22998046875,4725.52978515625,4704.68994140625,4719.18994140625,8218980000,4719.18994140625
^GSPC,2023-12-18,4725.580078125,4749.52001953125,4725.580078125,4740.56005859375,4060340000,4740.56005859375
^GSPC,2023-12-19,4743.72021484375,4768.68994140625,4743.72021484375,4768.3701171875,4026970000,4768.3701171875
^GSPC,2023-12-20,4764.72998046875,4778.009765625,4697.81982421875,4698.35009765625,4201320000,4698.35009765625
^GSPC,2023-12-21,4724.2900390625,4748.7099609375,4708.35009765625,4746.75,3431180000,4746.75
^GSPC,2023-12-22,4753.919921875,4772.93994140625,4736.77001953125,4754.6298828125,3046770000,4754.6298828125
^GSPC,2023-12-26,4758.85986328125,4784.72021484375,4758.4501953125,4774.75,2513910000,4774.75
^GSPC,2023-12-27,4773.4501953125,4785.39013671875,4768.89990234375,4781.580078125,2748450000,4781.580078125
^GSPC,2023-12-28,4786.43994140625,4793.2998046875,4780.97998046875,4783.35009765625,2698860000,4783.35009765625
^GSPC,2023-12-29,4782.8798828125,4788.43017578125,4751.990234375,4769.830078125,3126060000,4769.830078125
^GSPC,2024-01-02,4745.2001953125,4754.330078125,4722.669921875,4742.830078125,3743050000,4742.830078125
^GSPC,2024-01-03,4725.06982421875,4729.2900390625,4699.7099609375,4704.81005859375,3950760000,4704.81005859375
^GSPC,2024-01-04,4697.419921875,4726.77978515625,4687.52978515625,4688.68017578125,3715480000,4688.68017578125
^GSPC,2024-01-05,4690.56982421875,4721.490234375,4682.10986328125,4697.240234375,3844370000,4697.240234375
^GSPC,2024-01-08,4703.7001953125,4764.5400390625,4699.81982421875,4763.5400390625,3742320000,4763.5400390625
^GSPC,2024-01-09,4741.93017578125,4765.47021484375,4730.35009765625,4756.5,3529960000,4756.5
^GSPC,2024-01-10,4759.93994140625,4790.7998046875,4756.2001953125,4783.4501953125,3498680000,4783.4501953125
^GSPC,2024-01-11,4792.1298828125,4798.5,4739.580078125,4780.240234375,3759890000,4780.240234375
^GSPC,2024-01-12,4791.18017578125,4802.39990234375,4768.97998046875,4783.830078125,3486340000,4783.830078125
^GSPC,2024-01-16,4772.35009765625,4782.33984375,4747.1201171875,4765.97998046875,4260550000,4765.97998046875
^GSPC,2024-01-17,4739.1298828125,4744.22998046875,4714.81982421875,4739.2099609375,3928600000,4739.2099609375
^GSPC,2024-01-18,4760.10009765625,4785.7900390625,4740.56982421875,4780.93994140625,4019000000,4780.93994140625
^GSPC,2024-01-19,4796.27978515625,4842.06982421875,4785.8701171875,4839.81005859375,4287200000,4839.81005859375
^GSPC,2024-01-22,4853.419921875,4868.41015625,4844.0498046875,4850.43017578125,4297610000,4850.43017578125
^GSPC,2024-01-23,4856.7998046875,4866.47998046875,4844.3701171875,4864.60009765625,3912800000,4864.60009765625
^GSPC,2024-01-24,4888.56005859375,4903.68017578125,4865.93994140625,4868.5498046875,4330030000,4868.5498046875
^GSPC,2024-01-25,4886.66015625,4898.14990234375,4869.33984375,4894.16015625,4020430000,4894.16015625
^GSPC,2024-01-26,4888.91015625,4906.68994140625,4881.47021484375,4890.97021484375,3353400000,4890.97021484375
^GSPC,2024-01-29,4892.9501953125,4929.31005859375,4887.39990234375,4927.93017578125,3525160000,4927.93017578125
^GSPC,2024-01-30,4925.89013671875,4931.08984375,4916.27001953125,4924.97021484375,3836130000,4924.97021484375
^GSPC,2024-01-31,4899.18994140625,4906.75,4845.14990234375,4845.64990234375,4696120000,4845.64990234375
^GSPC,2024-02-01,4861.10986328125,4906.97021484375,4853.52001953125,4906.18994140625,4386090000,4906.18994140625
^GSPC,2024-02-02,4916.06005859375,4975.2900390625,4907.990234375,4958.60986328125,3974350000,4958.60986328125
^GSPC,2024-02-05,4957.18994140625,4957.18994140625,4918.08984375,4942.81005859375,4023640000,4942.81005859375
^GSPC,2024-02-06,4950.16015625,4957.77001953125,4934.8798828125,4954.22998046875,4440880000,4954.22998046875
^GSPC,2024-02-07,4973.0498046875,4999.89013671875,4969.0498046875,4995.06005859375,4895590000,4995.06005859375
^GSPC,2024-02-08,4995.16015625,5000.39990234375,4987.08984375,4997.91015625,4341860000,4997.91015625
^GSPC,2024-02-09,5004.169921875,5030.06005859375,5000.33984375,5026.60986328125,3912990000,5026.60986328125
^GSPC,2024-02-12,5026.830078125,5048.39013671875,5016.830078125,5021.83984375,3805740000,5021.83984375
^GSPC,2024-02-13,4967.93994140625,4971.2998046875,4920.31005859375,4953.169921875,4302190000,4953.169921875
^GSPC,2024-02-14,4976.43994140625,5002.52001953125,4956.4501953125,5000.6201171875,3845600000,5000.6201171875
^GSPC,2024-02-15,5003.14013671875,5032.72021484375,4999.43994140625,5029.72998046875,4137970000,5029.72998046875
^GSPC,2024-02-16,5031.1298828125,5038.7001953125,4999.52001953125,5005.56982421875,3833270000,5005.56982421875
^GSPC,2024-02-20,4989.31982421875,4993.7099609375,4955.02001953125,4975.509765625,4034880000,4975.509765625
^GSPC,2024-02-21,4963.02978515625,4983.2099609375,4946,4981.7998046875,3788390000,4981.7998046875
^GSPC,2024-02-22,5038.830078125,5094.39013671875,5038.830078125,5087.02978515625,4051710000,5087.02978515625
^GSPC,2024-02-23,5100.919921875,5111.06005859375,5081.4599609375,5088.7998046875,3672790000,5088.7998046875
^GSPC,2024-02-26,5093,5097.66015625,5068.91015625,5069.52978515625,3683930000,5069.52978515625
^GSPC,2024-02-27,5074.60009765625,5080.68994140625,5057.2900390625,5078.18017578125,3925950000,5078.18017578125
^GSPC,2024-02-28,5067.2001953125,5077.3701171875,5058.35009765625,5069.759765625,3789370000,5069.759765625
^GSPC,2024-02-29,5085.35986328125,5104.990234375,5061.89013671875,5096.27001953125,5219740000,5096.27001953125
^GSPC,2024-03-01,5098.509765625,5140.330078125,5094.16015625,5137.080078125,4748110000,5137.080078125
^GSPC,2024-03-04,5130.990234375,5149.669921875,5127.18017578125,5130.9501953125,4758440000,5130.9501953125
^GSPC,2024-03-05,5110.52001953125,5114.5400390625,5056.81982421875,5078.64990234375,4418410000,5078.64990234375
^GSPC,2024-03-06,5108.02978515625,5127.97021484375,5092.22021484375,5104.759765625,4559050000,5104.759765625
^GSPC,2024-03-07,5132.3798828125,5165.6201171875,5128.2099609375,5157.35986328125,4137980000,5157.35986328125
^GSPC,2024-03-08,5164.4599609375,5189.259765625,5117.5,5123.68994140625,4208870000,5123.68994140625
^GSPC,2024-03-11,5111.9599609375,5124.66015625,5091.14013671875,5117.93994140625,3896430000,5117.93994140625
^GSPC,2024-03-12,5134.2998046875,5179.8701171875,5114.47998046875,5175.27001953125,4080510000,5175.27001953125
^GSPC,2024-03-13,5173.490234375,5179.14013671875,5151.8798828125,5165.31005859375,4282890000,5165.31005859375
^GSPC,2024-03-14,5175.14013671875,5176.85009765625,5123.2998046875,5150.47998046875,4687970000,5150.47998046875
^GSPC,2024-03-15,5123.31005859375,5136.85986328125,5104.35009765625,5117.08984375,7753670000,5117.08984375
^GSPC,2024-03-18,5154.77001953125,5175.60009765625,5145.47021484375,5149.419921875,4036220000,5149.419921875
^GSPC,2024-03-19,5139.08984375,5180.31005859375,5131.58984375,5178.509765625,4031760000,5178.509765625
^GSPC,2024-03-20,5181.68994140625,5226.18994140625,5171.5498046875,5224.6201171875,4064850000,5224.6201171875
^GSPC,2024-03-21,5253.43017578125,5261.10009765625,5240.66015625,5241.52978515625,4207730000,5241.52978515625
^GSPC,2024-03-22,5242.47998046875,5246.08984375,5229.8701171875,5234.18017578125,3374700000,5234.18017578125
^GSPC,2024-03-25,5219.52001953125,5229.08984375,5216.08984375,5218.18994140625,3331360000,5218.18994140625
^GSPC,2024-03-26,5228.85009765625,5235.16015625,5203.419921875,5203.580078125,3871790000,5203.580078125
^GSPC,2024-03-27,5226.31005859375,5249.259765625,5213.919921875,5248.490234375,3850500000,5248.490234375
^GSPC,2024-03-28,5248.02978515625,5264.85009765625,5245.81982421875,5254.35009765625,3998270000,5254.35009765625
^GSPC,2024-04-01,5257.97021484375,5263.9501953125,5229.2001953125,5243.77001953125,3325930000,5243.77001953125
^GSPC,2024-04-02,5204.2900390625,5208.33984375,5184.0498046875,5205.81005859375,3886590000,5205.81005859375
^GSPC,2024-04-03,5194.3701171875,5228.75,5194.3701171875,5211.490234375,3703250000,5211.490234375
^GSPC,2024-04-04,5244.0498046875,5256.58984375,5146.06005859375,5147.2099609375,4075680000,5147.2099609375
^GSPC,2024-04-05,5158.9501953125,5222.18017578125,5157.2099609375,5204.33984375,3386780000,5204.33984375
^GSPC,2024-04-08,5211.3701171875,5219.56982421875,5197.35009765625,5202.39013671875,3278180000,5202.39013671875
^GSPC,2024-04-09,5217.02978515625,5224.81005859375,5160.77978515625,5209.91015625,3400680000,5209.91015625
^GSPC,2024-04-10,5167.8798828125,5178.43017578125,5138.7001953125,5160.64013671875,3845930000,5160.64013671875
^GSPC,2024-04-11,5172.9501953125,5211.77978515625,5138.77001953125,5199.06005859375,3509380000,5199.06005859375
^GSPC,2024-04-12,5171.509765625,5175.02978515625,5107.93994140625,5123.41015625,3963220000,5123.41015625
^GSPC,2024-04-15,5149.669921875,5168.43017578125,5052.47021484375,5061.81982421875,3950210000,5061.81982421875
^GSPC,2024-04-16,5064.58984375,5079.83984375,5039.830078125,5051.41015625,4006200000,5051.41015625
^GSPC,2024-04-17,5068.97021484375,5077.9599609375,5007.25,5022.2099609375,3596130000,5022.2099609375
^GSPC,2024-04-18,5031.52001953125,5056.66015625,5001.89013671875,5011.1201171875,3619760000,5011.1201171875
^GSPC,2024-04-19,5005.43994140625,5019.02001953125,4953.56005859375,4967.22998046875,3878750000,4967.22998046875
^GSPC,2024-04-22,4987.330078125,5038.83984375,4969.39990234375,5010.60009765625,3820250000,5010.60009765625
^GSPC,2024-04-23,5028.85009765625,5076.1201171875,5027.9599609375,5070.5498046875,3751400000,5070.5498046875
^GSPC,2024-04-24,5084.85986328125,5089.47998046875,5047.02001953125,5071.6298828125,3656740000,5071.6298828125
^GSPC,2024-04-25,5019.8798828125,5057.75,4990.580078125,5048.419921875,3958050000,5048.419921875
^GSPC,2024-04-26,5084.64990234375,5114.6201171875,5073.14013671875,5099.9599609375,3604140000,5099.9599609375
^GSPC,2024-04-29,5114.1298828125,5123.490234375,5088.64990234375,5116.169921875,3447450000,5116.169921875
^GSPC,2024-04-30,5103.77978515625,5110.830078125,5035.31005859375,5035.68994140625,4082470000,5035.68994140625
^GSPC,2024-05-01,5029.02978515625,5096.1201171875,5013.4501953125,5018.39013671875,4544170000,5018.39013671875
^GSPC,2024-05-02,5049.31982421875,5073.2099609375,5011.0498046875,5064.2001953125,4381660000,5064.2001953125
^GSPC,2024-05-03,5122.77978515625,5139.1201171875,5101.22021484375,5127.7900390625,3924990000,5127.7900390625
^GSPC,2024-05-06,5142.419921875,5181,5142.419921875,5180.740234375,3683250000,5180.740234375
^GSPC,2024-05-07,5187.2001953125,5200.22998046875,5178.9599609375,5187.7001953125,3987890000,5187.7001953125
^GSPC,2024-05-08,5168.97998046875,5191.9501953125,5165.85986328125,5187.669921875,3842100000,5187.669921875
^GSPC,2024-05-09,5189.02978515625,5215.2998046875,5180.41015625,5214.080078125,3727370000,5214.080078125
^GSPC,2024-05-10,5225.490234375,5239.66015625,5209.68017578125,5222.68017578125,3617900000,5222.68017578125
^GSPC,2024-05-13,5233.080078125,5237.259765625,5211.16015625,5221.419921875,4255710000,5221.419921875
^GSPC,2024-05-14,5221.10009765625,5250.3701171875,5217.97998046875,5246.68017578125,4763580000,5246.68017578125
^GSPC,2024-05-15,5263.259765625,5311.759765625,5263.259765625,5308.14990234375,4360810000,5308.14990234375
^GSPC,2024-05-16,5310.06982421875,5325.490234375,5296.18994140625,5297.10009765625,3817470000,5297.10009765625
^GSPC,2024-05-17,5303.10009765625,5305.4501953125,5283.58984375,5303.27001953125,3578120000,5303.27001953125
^GSPC,2024-05-20,5305.35009765625,5325.31982421875,5302.39990234375,5308.1298828125,3420100000,5308.1298828125
^GSPC,2024-05-21,5298.68994140625,5324.31982421875,5297.8701171875,5321.41015625,3662240000,5321.41015625
^GSPC,2024-05-22,5319.27978515625,5323.18017578125,5286.009765625,5307.009765625,3847130000,5307.009765625
^GSPC,2024-05-23,5340.259765625,5341.8798828125,5256.93017578125,5267.83984375,3869520000,5267.83984375
^GSPC,2024-05-24,5281.4501953125,5311.64990234375,5278.39013671875,5304.72021484375,3005510000,5304.72021484375
^GSPC,2024-05-28,5315.91015625,5315.91015625,5280.89013671875,5306.0400390625,3751540000,5306.0400390625
^GSPC,2024-05-29,5278.72998046875,5282.27001953125,5262.7001953125,5266.9501953125,3552750000,5266.9501953125
^GSPC,2024-05-30,5259.77001953125,5260.2099609375,5222.10009765625,5235.47998046875,3818750000,5235.47998046875
^GSPC,2024-05-31,5243.2099609375,5280.330078125,5191.68017578125,5277.509765625,5437160000,5277.509765625
^GSPC,2024-06-03,5297.14990234375,5302.10986328125,5234.31982421875,5283.39990234375,4046920000,5283.39990234375
^GSPC,2024-06-04,5278.240234375,5298.7998046875,5257.6298828125,5291.33984375,3707900000,5291.33984375
^GSPC,2024-06-05,5314.47998046875,5354.16015625,5297.64013671875,5354.02978515625,3591460000,5354.02978515625
^GSPC,2024-06-06,5357.7998046875,5362.35009765625,5335.35986328125,5352.9599609375,3609990000,5352.9599609375
^GSPC,2024-06-07,5343.81005859375,5375.080078125,5331.330078125,5346.990234375,3692760000,5346.990234375
^GSPC,2024-06-10,5341.22021484375,5365.7900390625,5331.52001953125,5360.7900390625,3622280000,5360.7900390625
^GSPC,2024-06-11,5353,5375.9501953125,5327.25,5375.31982421875,3568030000,5375.31982421875
^GSPC,2024-06-12,5409.1298828125,5447.25,5409.1298828125,5421.02978515625,3962840000,5421.02978515625
^GSPC,2024-06-13,5441.93017578125,5441.93017578125,5402.509765625,5433.740234375,3530380000,5433.740234375
^GSPC,2024-06-14,5424.080078125,5432.39013671875,5403.75,5431.60009765625,3438650000,5431.60009765625
^GSPC,2024-06-17,5431.10986328125,5488.5,5420.39990234375,5473.22998046875,3447840000,5473.22998046875
^GSPC,2024-06-18,5476.14990234375,5490.3798828125,5471.31982421875,5487.02978515625,3544330000,5487.02978515625
^GSPC,2024-06-20,5499.990234375,5505.52978515625,5455.56005859375,5473.169921875,3847060000,5473.169921875
^GSPC,2024-06-21,5466.77001953125,5478.31005859375,5452.02978515625,5464.6201171875,6773800000,5464.6201171875
^GSPC,2024-06-24,5459.580078125,5490.66015625,5447.58984375,5447.8701171875,3696750000,5447.8701171875
^GSPC,2024-06-25,5460.72998046875,5472.8798828125,5446.56005859375,5469.2998046875,3591960000,5469.2998046875
^GSPC,2024-06-26,5460.7099609375,5483.14013671875,5451.8701171875,5477.89990234375,3563920000,5477.89990234375
^GSPC,2024-06-27,5473.58984375,5490.81005859375,5467.5400390625,5482.8701171875,3589530000,5482.8701171875
^GSPC,2024-06-28,5488.47998046875,5523.64013671875,5451.1201171875,5460.47998046875,7199220000,5460.47998046875
^GSPC,2024-07-01,5471.080078125,5479.5498046875,5446.52978515625,5475.08984375,3488760000,5475.08984375
^GSPC,2024-07-02,5461.83984375,5509.68994140625,5458.43017578125,5509.009765625,3329950000,5509.009765625
^GSPC,2024-07-03,5507.43994140625,5539.27001953125,5507.419921875,5537.02001953125,2179470000,5537.02001953125
^GSPC,2024-07-05,5537.91015625,5570.330078125,5531.6298828125,5567.18994140625,3253080000,5567.18994140625
^GSPC,2024-07-08,5572.75,5583.10986328125,5562.509765625,5572.85009765625,3185670000,5572.85009765625
^GSPC,2024-07-09,5584.240234375,5590.75,5574.56982421875,5576.97998046875,3232920000,5576.97998046875
^GSPC,2024-07-10,5591.259765625,5635.39013671875,5586.43994140625,5633.91015625,3336100000,5633.91015625
^GSPC,2024-07-11,5635.2099609375,5642.4501953125,5576.52978515625,5584.5400390625,4020950000,5584.5400390625
^GSPC,2024-07-12,5590.759765625,5655.56005859375,5590.43994140625,5615.35009765625,3700280000,5615.35009765625
^GSPC,2024-07-15,5638.16015625,5666.93994140625,5614.75,5631.22021484375,3620470000,5631.22021484375
^GSPC,2024-07-16,5644.08984375,5669.669921875,5639.02001953125,5667.2001953125,4041760000,5667.2001953125
^GSPC,2024-07-17,5610.06982421875,5622.490234375,5584.81005859375,5588.27001953125,4246450000,5588.27001953125
^GSPC,2024-07-18,5608.56005859375,5614.0498046875,5522.81005859375,5544.58984375,4007510000,5544.58984375
^GSPC,2024-07-19,5543.3701171875,5557.5,5497.0400390625,5505,3760570000,5505
^GSPC,2024-07-22,5544.5400390625,5570.35986328125,5529.0400390625,5564.41015625,3375180000,5564.41015625
^GSPC,2024-07-23,5565.2998046875,5585.33984375,5550.89990234375,5555.740234375,3500210000,5555.740234375
^GSPC,2024-07-24,5505.83984375,5508.0400390625,5419.97998046875,5427.1298828125,3945550000,5427.1298828125
^GSPC,2024-07-25,5428.7001953125,5491.58984375,5390.9501953125,5399.22021484375,4592120000,5399.22021484375
^GSPC,2024-07-26,5433.669921875,5488.31982421875,5430.7001953125,5459.10009765625,3638770000,5459.10009765625
^GSPC,2024-07-29,5476.5498046875,5487.740234375,5444.43994140625,5463.5400390625,3379970000,5463.5400390625
^GSPC,2024-07-30,5478.72998046875,5489.4599609375,5401.7001953125,5436.43994140625,3777740000,5436.43994140625
^GSPC,2024-07-31,5505.58984375,5551.509765625,5493.75,5522.2998046875,4546910000,5522.2998046875
^GSPC,2024-08-01,5537.83984375,5566.16015625,5410.419921875,5446.68017578125,4703620000,5446.68017578125
^GSPC,2024-08-02,5376.6298828125,5383.89013671875,5302.02978515625,5346.56005859375,5156450000,5346.56005859375
^GSPC,2024-08-05,5151.14013671875,5250.89013671875,5119.259765625,5186.330078125,5333250000,5186.330078125
^GSPC,2024-08-06,5206.419921875,5312.33984375,5193.56005859375,5240.02978515625,4690190000,5240.02978515625
^GSPC,2024-08-07,5293.1298828125,5330.64013671875,5195.5400390625,5199.5,4558260000,5199.5
^GSPC,2024-08-08,5252.56982421875,5328.02978515625,5233.85009765625,5319.31005859375,4016830000,5319.31005859375
^GSPC,2024-08-09,5314.66015625,5358.669921875,5300.83984375,5344.16015625,3516400000,5344.16015625
^GSPC,2024-08-12,5351.8798828125,5371.2001953125,5324.3701171875,5344.39013671875,3360160000,5344.39013671875
^GSPC,2024-08-13,5376.97998046875,5436.5,5376.97998046875,5434.43017578125,3648980000,5434.43017578125
^GSPC,2024-08-14,5442.35986328125,5463.22021484375,5415.91015625,5455.2099609375,3380050000,5455.2099609375
^GSPC,2024-08-15,5501.1298828125,5546.22998046875,5501.1298828125,5543.22021484375,3723310000,5543.22021484375
^GSPC,2024-08-16,5530.5,5561.97998046875,5525.169921875,5554.25,3357690000,5554.25
^GSPC,2024-08-19,5557.22998046875,5608.2998046875,5550.740234375,5608.25,3222050000,5608.25
^GSPC,2024-08-20,5602.8798828125,5620.509765625,5585.5,5597.1201171875,2994420000,5597.1201171875
^GSPC,2024-08-21,5603.08984375,5632.68017578125,5591.56982421875,5620.85009765625,3119670000,5620.85009765625
^GSPC,2024-08-22,5637.77001953125,5643.22021484375,5560.9501953125,5570.64013671875,2981530000,5570.64013671875
^GSPC,2024-08-23,5602.490234375,5641.81982421875,5585.16015625,5634.60986328125,3291940000,5634.60986328125
^GSPC,2024-08-26,5639.66015625,5651.6201171875,5602.33984375,5616.83984375,2938570000,5616.83984375
^GSPC,2024-08-27,5602.89013671875,5631.18017578125,5593.47998046875,5625.7998046875,2798990000,5625.7998046875
^GSPC,2024-08-28,5624.509765625,5627.02978515625,5560.9501953125,5592.18017578125,3053450000,5592.18017578125
^GSPC,2024-08-29,5607.2998046875,5646.9501953125,5583.7099609375,5591.9599609375,3065640000,5591.9599609375
^GSPC,2024-08-30,5612.740234375,5651.3701171875,5581.7900390625,5648.39990234375,4185850000,5648.39990234375
^GSPC,2024-09-03,5623.89013671875,5623.89013671875,5504.330078125,5528.93017578125,3866350000,5528.93017578125
^GSPC,2024-09-04,5506.68017578125,5552.990234375,5503.66015625,5520.06982421875,3478140000,5520.06982421875
^GSPC,2024-09-05,5520.080078125,5546.2998046875,5480.5400390625,5503.41015625,3521650000,5503.41015625
^GSPC,2024-09-06,5507.330078125,5522.47021484375,5402.6201171875,5408.419921875,3822800000,5408.419921875
^GSPC,2024-09-09,5442.06982421875,5484.2001953125,5434.490234375,5471.0498046875,3825940000,5471.0498046875
^GSPC,2024-09-10,5490.509765625,5497.91015625,5441.72021484375,5495.52001953125,3848180000,5495.52001953125
^GSPC,2024-09-11,5496.419921875,5560.41015625,5406.9599609375,5554.1298828125,3839450000,5554.1298828125
^GSPC,2024-09-12,5557.47998046875,5600.7099609375,5535.5,5595.759765625,3655070000,5595.759765625
^GSPC,2024-09-13,5603.33984375,5636.27001953125,5601.64990234375,5626.02001953125,3500790000,5626.02001953125
^GSPC,2024-09-16,5615.2099609375,5636.0498046875,5604.52978515625,5633.08984375,3437070000,5633.08984375
^GSPC,2024-09-17,5655.509765625,5670.81005859375,5614.0498046875,5634.580078125,3443600000,5634.580078125
^GSPC,2024-09-18,5641.68017578125,5689.75,5615.080078125,5618.259765625,3691390000,5618.259765625
^GSPC,2024-09-19,5702.6298828125,5733.56982421875,5686.419921875,5713.64013671875,4024530000,5713.64013671875
^GSPC,2024-09-20,5709.64013671875,5715.14013671875,5674.490234375,5702.5498046875,7867260000,5702.5498046875
^GSPC,2024-09-23,5711.89990234375,5725.35986328125,5704.22021484375,5718.56982421875,3529550000,5718.56982421875
^GSPC,2024-09-24,5727.66015625,5735.31982421875,5698.990234375,5732.93017578125,3872710000,5732.93017578125
^GSPC,2024-09-25,5733.64990234375,5741.02978515625,5712.06005859375,5722.259765625,3624910000,5722.259765625
^GSPC,2024-09-26,5762.22021484375,5767.3701171875,5721.009765625,5745.3701171875,4391180000,5745.3701171875
^GSPC,2024-09-27,5755.35986328125,5763.77978515625,5727.33984375,5738.169921875,3898530000,5738.169921875
^GSPC,2024-09-30,5726.52001953125,5765.14013671875,5703.52978515625,5762.47998046875,4425730000,5762.47998046875
^GSPC,2024-10-01,5757.72998046875,5757.72998046875,5681.27978515625,5708.75,4025180000,5708.75
^GSPC,2024-10-02,5698.14013671875,5719.6298828125,5674,5709.5400390625,3829050000,5709.5400390625
^GSPC,2024-10-03,5698.18994140625,5718.77978515625,5677.3701171875,5699.93994140625,3597450000,5699.93994140625
^GSPC,2024-10-04,5737.47998046875,5753.2099609375,5702.830078125,5751.06982421875,3479400000,5751.06982421875
^GSPC,2024-10-07,5737.7998046875,5739.33984375,5686.85009765625,5695.93994140625,3637790000,5695.93994140625
^GSPC,2024-10-08,5719.14013671875,5757.60009765625,5714.56005859375,5751.1298828125,3393400000,5751.1298828125
^GSPC,2024-10-09,5751.7998046875,5796.7998046875,5745.02001953125,5792.0400390625,3650340000,5792.0400390625
^GSPC,2024-10-10,5778.35986328125,5795.02978515625,5764.759765625,5780.0498046875,3208790000,5780.0498046875
^GSPC,2024-10-11,5775.08984375,5822.1298828125,5775.08984375,5815.02978515625,3208720000,5815.02978515625
^GSPC,2024-10-14,5829.81005859375,5871.41015625,5829.56982421875,5859.85009765625,3005250000,5859.85009765625
^GSPC,2024-10-15,5866.740234375,5870.35986328125,5804.47998046875,5815.259765625,3882120000,5815.259765625
^GSPC,2024-10-16,5816.580078125,5846.52001953125,5808.33984375,5842.47021484375,3467230000,5842.47021484375
^GSPC,2024-10-17,5875.6201171875,5878.4599609375,5840.25,5841.47021484375,3480010000,5841.47021484375
^GSPC,2024-10-18,5859.43017578125,5872.169921875,5846.10986328125,5864.669921875,3374490000,5864.669921875
^GSPC,2024-10-21,5857.81982421875,5866.919921875,5824.7900390625,5853.97998046875,3407010000,5853.97998046875
^GSPC,2024-10-22,5832.7001953125,5863.0400390625,5821.169921875,5851.2001953125,3342080000,5851.2001953125
^GSPC,2024-10-23,5834.5,5834.85009765625,5762.41015625,5797.419921875,3532650000,5797.419921875
^GSPC,2024-10-24,5817.7998046875,5817.7998046875,5784.919921875,5809.85986328125,3543030000,5809.85986328125
^GSPC,2024-10-25,5826.75,5862.81982421875,5799.97998046875,5808.1201171875,3501280000,5808.1201171875
^GSPC,2024-10-28,5833.93017578125,5842.919921875,5823.080078125,5823.52001953125,3691280000,5823.52001953125
^GSPC,2024-10-29,5819.68017578125,5847.18994140625,5802.169921875,5832.919921875,3879100000,5832.919921875
^GSPC,2024-10-30,5832.64990234375,5850.93994140625,5811.27978515625,5813.669921875,3851120000,5813.669921875
^GSPC,2024-10-31,5775.33984375,5775.33984375,5702.85986328125,5705.4501953125,4425660000,5705.4501953125
^GSPC,2024-11-01,5723.22021484375,5772.52001953125,5723.22021484375,5728.7998046875,3796450000,5728.7998046875
^GSPC,2024-11-04,5725.14990234375,5741.43017578125,5696.509765625,5712.68994140625,3602060000,5712.68994140625
^GSPC,2024-11-05,5722.43017578125,5783.43994140625,5722.10009765625,5782.759765625,3768310000,5782.759765625
^GSPC,2024-11-06,5864.89013671875,5936.14013671875,5864.89013671875,5929.0400390625,6329530000,5929.0400390625
^GSPC,2024-11-07,5947.2099609375,5983.83984375,5947.2099609375,5973.10009765625,4925740000,5973.10009765625
^GSPC,2024-11-08,5976.759765625,6012.4501953125,5976.759765625,5995.5400390625,4666740000,5995.5400390625
^GSPC,2024-11-11,6008.85986328125,6017.31005859375,5986.68994140625,6001.35009765625,4333000000,6001.35009765625
^GSPC,2024-11-12,6003.60009765625,6009.919921875,5960.080078125,5983.990234375,4243400000,5983.990234375
^GSPC,2024-11-13,5985.75,6008.18994140625,5965.91015625,5985.3798828125,4220180000,5985.3798828125
^GSPC,2024-11-14,5989.68017578125,5993.8798828125,5942.27978515625,5949.169921875,4184570000,5949.169921875
^GSPC,2024-11-15,5912.7900390625,5915.31982421875,5853.009765625,5870.6201171875,4590960000,5870.6201171875
^GSPC,2024-11-18,5874.169921875,5908.1201171875,5865.9501953125,5893.6201171875,3983860000,5893.6201171875
^GSPC,2024-11-19,5870.0498046875,5923.509765625,5855.2900390625,5916.97998046875,4036940000,5916.97998046875
^GSPC,2024-11-20,5914.33984375,5920.669921875,5860.56005859375,5917.10986328125,3772620000,5917.10986328125
^GSPC,2024-11-21,5940.580078125,5963.31982421875,5887.259765625,5948.7099609375,4230120000,5948.7099609375
^GSPC,2024-11-22,5944.35986328125,5972.89990234375,5944.35986328125,5969.33984375,4141420000,5969.33984375
^GSPC,2024-11-25,5992.27978515625,6020.75,5963.91015625,5987.3701171875,5633150000,5987.3701171875
^GSPC,2024-11-26,6000.02978515625,6025.419921875,5992.27001953125,6021.6298828125,3835170000,6021.6298828125
^GSPC,2024-11-27,6014.10986328125,6020.16015625,5984.8701171875,5998.740234375,3363340000,5998.740234375
^GSPC,2024-11-29,6003.97998046875,6044.169921875,6003.97998046875,6032.3798828125,2444420000,6032.3798828125
^GSPC,2024-12-02,6040.10986328125,6053.580078125,6035.330078125,6047.14990234375,4412470000,6047.14990234375
^GSPC,2024-12-03,6042.97021484375,6052.06982421875,6033.39013671875,6049.8798828125,4095000000,6049.8798828125
^GSPC,2024-12-04,6069.39013671875,6089.83984375,6061.06005859375,6086.490234375,4003390000,6086.490234375
^GSPC,2024-12-05,6089.02978515625,6094.5498046875,6072.89990234375,6075.10986328125,4212020000,6075.10986328125
^GSPC,2024-12-06,6081.3798828125,6099.97021484375,6079.97998046875,6090.27001953125,3924830000,6090.27001953125
^GSPC,2024-12-09,6083.009765625,6088.509765625,6048.6298828125,6052.85009765625,4556460000,6052.85009765625
^GSPC,2024-12-10,6057.58984375,6065.39990234375,6029.89013671875,6034.91015625,4048410000,6034.91015625
^GSPC,2024-12-11,6060.14990234375,6092.58984375,6060.14990234375,6084.18994140625,4269950000,6084.18994140625
^GSPC,2024-12-12,6074.2900390625,6079.68017578125,6051.25,6051.25,3678010000,6051.25
^GSPC,2024-12-13,6068.169921875,6078.580078125,6035.77001953125,6051.08984375,3584960000,6051.08984375
^GSPC,2024-12-16,6063.7900390625,6085.18994140625,6059.14013671875,6074.080078125,4391100000,6074.080078125
^GSPC,2024-12-17,6052.5498046875,6057.68017578125,6035.18994140625,6050.60986328125,4544500000,6050.60986328125
^GSPC,2024-12-18,6047.64990234375,6070.669921875,5867.7900390625,5872.16015625,5246960000,5872.16015625
^GSPC,2024-12-19,5912.7099609375,5935.52001953125,5866.06982421875,5867.080078125,4896880000,5867.080078125
^GSPC,2024-12-20,5842,5982.06005859375,5832.2998046875,5930.85009765625,8223220000,5930.85009765625
^GSPC,2024-12-23,5940.25,5978.25,5902.56982421875,5974.06982421875,3593280000,5974.06982421875
^GSPC,2024-12-24,5984.6298828125,6040.10009765625,5981.43994140625,6040.0400390625,1757720000,6040.0400390625
^GSPC,2024-12-26,6024.97021484375,6049.75,6007.3701171875,6037.58984375,2904530000,6037.58984375
^GSPC,2024-12-27,6006.169921875,6006.169921875,5932.9501953125,5970.83984375,3159610000,5970.83984375
^GSPC,2024-12-30,5920.669921875,5940.7900390625,5869.16015625,5906.93994140625,3433250000,5906.93994140625
^GSPC,2024-12-31,5919.740234375,5929.740234375,5868.85986328125,5881.6298828125,3128350000,5881.6298828125
^GSPC,2025-01-02,5903.259765625,5935.08984375,5829.52978515625,5868.5498046875,3621680000,5868.5498046875
^GSPC,2025-01-03,5891.06982421875,5949.33984375,5888.66015625,5942.47021484375,3667340000,5942.47021484375
^GSPC,2025-01-06,5982.81005859375,6021.0400390625,5960.009765625,5975.3798828125,4940120000,5975.3798828125
^GSPC,2025-01-07,5993.259765625,6000.68017578125,5890.68017578125,5909.02978515625,4517330000,5909.02978515625
^GSPC,2025-01-08,5910.66015625,5927.89013671875,5874.77978515625,5918.25,4441740000,5918.25
^GSPC,2025-01-10,5890.35009765625,5890.35009765625,5807.77978515625,5827.0400390625,4751930000,5827.0400390625
^GSPC,2025-01-13,5782.02001953125,5838.60986328125,5773.31005859375,5836.22021484375,4421200000,5836.22021484375
^GSPC,2025-01-14,5859.27001953125,5871.919921875,5805.419921875,5842.91015625,4142280000,5842.91015625
^GSPC,2025-01-15,5905.2099609375,5960.60986328125,5905.2099609375,5949.91015625,4544570000,5949.91015625
^GSPC,2025-01-16,5963.60986328125,5964.68994140625,5930.72021484375,5937.33984375,4285810000,5937.33984375
^GSPC,2025-01-17,5995.39990234375,6014.9599609375,5978.43994140625,5996.66015625,4366830000,5996.66015625
^GSPC,2025-01-21,6014.1201171875,6051.509765625,6006.8798828125,6049.240234375,4702920000,6049.240234375
^GSPC,2025-01-22,6081.39013671875,6100.81005859375,6076.1298828125,6086.3701171875,4323040000,6086.3701171875
^GSPC,2025-01-23,6076.31982421875,6118.72998046875,6074.669921875,6118.7099609375,4432250000,6118.7099609375
^GSPC,2025-01-24,6121.43017578125,6128.18017578125,6088.740234375,6101.240234375,4214250000,6101.240234375
^GSPC,2025-01-27,5969.0400390625,6017.169921875,5962.919921875,6012.27978515625,5198750000,6012.27978515625
^GSPC,2025-01-28,6026.97021484375,6074.5400390625,5994.6298828125,6067.7001953125,4473640000,6067.7001953125
^GSPC,2025-01-29,6057.7001953125,6062.830078125,6012.9599609375,6039.31005859375,4115310000,6039.31005859375
^GSPC,2025-01-30,6050.75,6086.64013671875,6027.4599609375,6071.169921875,4634620000,6071.169921875
^GSPC,2025-01-31,6096.7900390625,6120.91015625,6030.93017578125,6040.52978515625,4843770000,6040.52978515625
^GSPC,2025-02-03,5969.64990234375,6022.1298828125,5923.93017578125,5994.56982421875,4797210000,5994.56982421875
^GSPC,2025-02-04,5998.14013671875,6042.47998046875,5990.8701171875,6037.8798828125,4410160000,6037.8798828125
^GSPC,2025-02-05,6020.4501953125,6062.85986328125,6007.06005859375,6061.47998046875,4756250000,6061.47998046875
^GSPC,2025-02-06,6072.22021484375,6084.02978515625,6046.830078125,6083.56982421875,4847120000,6083.56982421875
^GSPC,2025-02-07,6083.1298828125,6101.27978515625,6019.9599609375,6025.990234375,4766900000,6025.990234375
^GSPC,2025-02-10,6046.39990234375,6073.3798828125,6044.83984375,6066.43994140625,4458760000,6066.43994140625
^GSPC,2025-02-11,6049.31982421875,6076.27978515625,6042.33984375,6068.5,4324880000,6068.5
^GSPC,2025-02-12,6025.080078125,6063,6003,6051.97021484375,4627960000,6051.97021484375
^GSPC,2025-02-13,6060.58984375,6116.91015625,6050.9501953125,6115.06982421875,4763800000,6115.06982421875
^GSPC,2025-02-14,6115.52001953125,6127.47021484375,6107.6201171875,6114.6298828125,4335190000,6114.6298828125
^GSPC,2025-02-18,6121.60009765625,6129.6298828125,6099.509765625,6129.580078125,4684980000,6129.580078125
^GSPC,2025-02-19,6117.759765625,6147.43017578125,6111.14990234375,6144.14990234375,4562330000,6144.14990234375
^GSPC,2025-02-20,6134.5,6134.5,6084.58984375,6117.52001953125,4813690000,6117.52001953125
^GSPC,2025-02-21,6114.10009765625,6114.81982421875,6008.56005859375,6013.1298828125,5434560000,6013.1298828125
^GSPC,2025-02-24,6026.68994140625,6043.64990234375,5977.830078125,5983.25,4990120000,5983.25
^GSPC,2025-02-25,5982.72998046875,5992.64990234375,5908.490234375,5955.25,5374690000,5955.25
^GSPC,2025-02-26,5970.8701171875,6009.81982421875,5932.68994140625,5956.06005859375,4869580000,5956.06005859375
^GSPC,2025-02-27,5981.8798828125,5993.68994140625,5858.77978515625,5861.56982421875,5057680000,5861.56982421875
^GSPC,2025-02-28,5856.740234375,5959.39990234375,5837.66015625,5954.5,6441140000,5954.5
^GSPC,2025-03-03,5968.330078125,5986.08984375,5810.91015625,5849.72021484375,5613850000,5849.72021484375
^GSPC,2025-03-04,5811.97998046875,5865.080078125,5732.58984375,5778.14990234375,6138110000,5778.14990234375
^GSPC,2025-03-05,5781.35986328125,5860.58984375,5742.35009765625,5842.6298828125,5285970000,5842.6298828125
^GSPC,2025-03-06,5785.8701171875,5812.080078125,5711.64013671875,5738.52001953125,5165080000,5738.52001953125
^GSPC,2025-03-07,5726.009765625,5783.009765625,5666.2900390625,5770.2001953125,5705140000,5770.2001953125
^GSPC,2025-03-10,5705.3701171875,5705.3701171875,5564.02001953125,5614.56005859375,6409370000,5614.56005859375
^GSPC,2025-03-11,5603.64990234375,5636.2998046875,5528.41015625,5572.06982421875,6221240000,5572.06982421875
^GSPC,2025-03-12,5624.83984375,5642.18994140625,5546.08984375,5599.2998046875,5219830000,5599.2998046875
^GSPC,2025-03-13,5594.4501953125,5597.77978515625,5504.64990234375,5521.52001953125,5018980000,5521.52001953125
^GSPC,2025-03-14,5563.85009765625,5645.27001953125,5563.85009765625,5638.93994140625,4863180000,5638.93994140625
^GSPC,2025-03-17,5635.60009765625,5703.52001953125,5631.1201171875,5675.1201171875,5031770000,5675.1201171875
^GSPC,2025-03-18,5654.52978515625,5654.52978515625,5597.759765625,5614.66015625,4666270000,5614.66015625
^GSPC,2025-03-19,5632.3701171875,5715.330078125,5622.2001953125,5675.2900390625,4660090000,5675.2900390625
^GSPC,2025-03-20,5646.919921875,5711.14990234375,5632.330078125,5662.89013671875,4678420000,5662.89013671875
^GSPC,2025-03-21,5630.72998046875,5670.83984375,5603.10009765625,5667.56005859375,9367460000,5667.56005859375
^GSPC,2025-03-24,5718.080078125,5775.14013671875,5718.080078125,5767.56982421875,4517990000,5767.56982421875
^GSPC,2025-03-25,5775.9599609375,5786.9501953125,5760.419921875,5776.64990234375,4467340000,5776.64990234375
^GSPC,2025-03-26,5771.66015625,5783.6201171875,5694.41015625,5712.2001953125,4183140000,5712.2001953125
^GSPC,2025-03-27,5695.64013671875,5732.27978515625,5670.93994140625,5693.31005859375,4403460000,5693.31005859375
^GSPC,2025-03-28,5679.2001953125,5685.89013671875,5572.419921875,5580.93994140625,4513330000,5580.93994140625
^GSPC,2025-03-31,5527.91015625,5627.56005859375,5488.72998046875,5611.85009765625,5257250000,5611.85009765625
^GSPC,2025-04-01,5597.52978515625,5650.56982421875,5558.52001953125,5633.06982421875,4434500000,5633.06982421875
^GSPC,2025-04-02,5580.759765625,5695.31005859375,5571.47998046875,5670.97021484375,4243830000,5670.97021484375
^GSPC,2025-04-03,5492.740234375,5499.52978515625,5390.830078125,5396.52001953125,7210470000,5396.52001953125
^GSPC,2025-04-04,5292.14013671875,5292.14013671875,5069.89990234375,5074.080078125,8853500000,5074.080078125
^GSPC,2025-04-07,4953.7900390625,5246.56982421875,4835.0400390625,5062.25,8691980000,5062.25
^GSPC,2025-04-08,5193.56982421875,5267.47021484375,4910.419921875,4982.77001953125,7408140000,4982.77001953125
^GSPC,2025-04-09,4965.27978515625,5481.33984375,4948.43017578125,5456.89990234375,9489600000,5456.89990234375
^GSPC,2025-04-10,5353.14990234375,5353.14990234375,5115.27001953125,5268.0498046875,6677140000,5268.0498046875
^GSPC,2025-04-11,5255.56005859375,5381.4599609375,5220.77001953125,5363.35986328125,5602550000,5363.35986328125
^GSPC,2025-04-14,5441.9599609375,5459.4599609375,5358.02001953125,5405.97021484375,5031440000,5405.97021484375
^GSPC,2025-04-15,5411.990234375,5450.41015625,5386.43994140625,5396.6298828125,4317110000,5396.6298828125
^GSPC,2025-04-16,5335.75,5367.240234375,5220.7900390625,5275.7001953125,4607750000,5275.7001953125
^GSPC,2025-04-17,5305.4501953125,5328.31005859375,5255.580078125,5282.7001953125,4714880000,5282.7001953125
^GSPC,2025-04-21,5232.93994140625,5232.93994140625,5101.6298828125,5158.2001953125,4226340000,5158.2001953125
^GSPC,2025-04-22,5207.669921875,5309.60986328125,5207.669921875,5287.759765625,4666950000,5287.759765625
^GSPC,2025-04-23,5395.919921875,5469.68994140625,5356.169921875,5375.85986328125,5371390000,5375.85986328125
^GSPC,2025-04-24,5381.3798828125,5489.39990234375,5371.9599609375,5484.77001953125,4697710000,5484.77001953125
^GSPC,2025-04-25,5489.72998046875,5528.10986328125,5455.85986328125,5525.2099609375,4236580000,5525.2099609375
^GSPC,2025-04-28,5529.22021484375,5553.66015625,5468.64013671875,5528.75,4257880000,5528.75
^GSPC,2025-04-29,5508.8701171875,5571.9501953125,5505.7001953125,5560.830078125,4747150000,5560.830078125
^GSPC,2025-04-30,5499.43994140625,5581.83984375,5433.240234375,5569.06005859375,5449490000,5569.06005859375
^GSPC,2025-05-01,5625.14013671875,5658.91015625,5597.35009765625,5604.14013671875,4935270000,5604.14013671875
^GSPC,2025-05-02,5645.8798828125,5700.7001953125,5642.27978515625,5686.669921875,4854380000,5686.669921875
^GSPC,2025-05-05,5655.31982421875,5683.3798828125,5634.47998046875,5650.3798828125,4358260000,5650.3798828125
^GSPC,2025-05-06,5605.8701171875,5649.580078125,5586.0400390625,5606.91015625,4717260000,5606.91015625
^GSPC,2025-05-07,5614.18017578125,5654.72998046875,5578.64013671875,5631.27978515625,4987440000,5631.27978515625
^GSPC,2025-05-08,5663.60009765625,5720.10009765625,5635.3798828125,5663.93994140625,5627400000,5663.93994140625
^GSPC,2025-05-09,5679.64990234375,5691.68994140625,5644.14990234375,5659.91015625,4645090000,5659.91015625
^GSPC,2025-05-12,5807.2001953125,5845.3701171875,5786.080078125,5844.18994140625,6014580000,5844.18994140625
^GSPC,2025-05-13,5854.14990234375,5906.64013671875,5845.02001953125,5886.5498046875,5516290000,5886.5498046875
^GSPC,2025-05-14,5896.740234375,5906.5498046875,5872.10986328125,5892.580078125,5233450000,5892.580078125
^GSPC,2025-05-15,5869.81982421875,5924.2099609375,5865.16015625,5916.93017578125,4991290000,5916.93017578125
^GSPC,2025-05-16,5929.08984375,5958.6201171875,5907.35986328125,5958.3798828125,4850850000,5958.3798828125
^GSPC,2025-05-19,5902.8798828125,5968.60986328125,5895.68994140625,5963.60009765625,4144010000,5963.60009765625
^GSPC,2025-05-20,5944.66015625,5953.06005859375,5909.259765625,5940.4599609375,4416850000,5940.4599609375
^GSPC,2025-05-21,5910.18017578125,5938.3701171875,5830.91015625,5844.60986328125,5254250000,5844.60986328125
^GSPC,2025-05-22,5841.259765625,5878.080078125,5825.81982421875,5842.009765625,5157050000,5842.009765625
^GSPC,2025-05-23,5781.89013671875,5829.509765625,5767.41015625,5802.81982421875,4662820000,5802.81982421875
^GSPC,2025-05-27,5854.06982421875,5924.330078125,5854.06982421875,5921.5400390625,5366380000,5921.5400390625
^GSPC,2025-05-28,5925.5400390625,5939.919921875,5881.8798828125,5888.5498046875,4665050000,5888.5498046875
^GSPC,2025-05-29,5939.9599609375,5943.1298828125,5873.7998046875,5912.169921875,4569750000,5912.169921875
^GSPC,2025-05-30,5903.669921875,5922.14013671875,5843.66015625,5911.68994140625,6378540000,5911.68994140625
^GSPC,2025-06-02,5896.68017578125,5937.39990234375,5861.43017578125,5935.93994140625,4832240000,5935.93994140625
^GSPC,2025-06-03,5938.56005859375,5981.35009765625,5929,5970.3701171875,5026680000,5970.3701171875
^GSPC,2025-06-04,5978.93994140625,5990.47998046875,5966.10986328125,5970.81005859375,4767050000,5970.81005859375
^GSPC,2025-06-05,5985.669921875,5999.7001953125,5921.2001953125,5939.2998046875,5091850000,5939.2998046875
^GSPC,2025-06-06,5987.06005859375,6016.8701171875,5978.6298828125,6000.35986328125,4355710000,6000.35986328125
^GSPC,2025-06-09,6004.6298828125,6021.31005859375,5994.18017578125,6005.8798828125,4642360000,6005.8798828125
^GSPC,2025-06-10,6009.91015625,6043.009765625,6000.27978515625,6038.81005859375,4882880000,6038.81005859375
^GSPC,2025-06-11,6049.3798828125,6059.39990234375,6002.31982421875,6022.240234375,5111550000,6022.240234375
^GSPC,2025-06-12,6009.89990234375,6045.43017578125,6003.8798828125,6045.259765625,4669500000,6045.259765625
^GSPC,2025-06-13,6000.56005859375,6026.16015625,5963.2099609375,5976.97021484375,5258910000,5976.97021484375
^GSPC,2025-06-16,6004,6050.830078125,6004,6033.10986328125,5111710000,6033.10986328125
^GSPC,2025-06-17,6012.14990234375,6023.25,5974.7998046875,5982.72021484375,4955700000,5982.72021484375
^GSPC,2025-06-18,5987.93017578125,6018.25,5971.89013671875,5980.8701171875,5106470000,5980.8701171875
^GSPC,2025-06-20,5999.669921875,6018.2001953125,5952.56005859375,5967.83984375,7451500000,5967.83984375
^GSPC,2025-06-23,5969.669921875,6028.77001953125,5943.22998046875,6025.169921875,5597000000,6025.169921875
^GSPC,2025-06-24,6061.2099609375,6101.759765625,6059.25,6092.18017578125,5443690000,6092.18017578125
^GSPC,2025-06-25,6104.22998046875,6108.509765625,6080.08984375,6092.16015625,5171110000,6092.16015625
^GSPC,2025-06-26,6112.08984375,6146.52001953125,6107.27001953125,6141.02001953125,5308140000,6141.02001953125
^GSPC,2025-06-27,6150.7001953125,6187.68017578125,6132.35009765625,6173.06982421875,7889350000,6173.06982421875
^GSPC,2025-06-30,6193.35986328125,6215.080078125,6174.97021484375,6204.9501953125,5782900000,6204.9501953125
^GSPC,2025-07-01,6187.25,6210.77978515625,6177.97021484375,6198.009765625,6275310000,6198.009765625
^GSPC,2025-07-02,6193.8798828125,6227.60009765625,6188.2900390625,6227.419921875,5645710000,6227.419921875
^GSPC,2025-07-03,6246.4599609375,6284.64990234375,6246.4599609375,6279.35009765625,3378110000,6279.35009765625
^GSPC,2025-07-07,6259.0400390625,6262.06982421875,6201,6229.97998046875,5236740000,6229.97998046875
^GSPC,2025-07-08,6234.02978515625,6242.7001953125,6217.75,6225.52001953125,5739030000,6225.52001953125
^GSPC,2025-07-09,6243.330078125,6269.16015625,6231.43017578125,6263.259765625,4813340000,6263.259765625
^GSPC,2025-07-10,6266.7998046875,6290.22021484375,6251.43994140625,6280.4599609375,5367350000,6280.4599609375
^GSPC,2025-07-11,6255.68017578125,6269.43994140625,6237.60009765625,6259.75,4656210000,6259.75
^GSPC,2025-07-14,6255.14990234375,6273.31005859375,6239.22021484375,6268.56005859375,4722250000,6268.56005859375
^GSPC,2025-07-15,6295.2900390625,6302.0400390625,6241.68017578125,6243.759765625,5133670000,6243.759765625
^GSPC,2025-07-16,6254.5,6268.1201171875,6201.58984375,6263.7001953125,5177460000,6263.7001953125
^GSPC,2025-07-17,6263.39990234375,6304.68994140625,6262.27001953125,6297.35986328125,5512290000,6297.35986328125
^GSPC,2025-07-18,6312.9501953125,6315.60986328125,6285.27001953125,6296.7900390625,5184700000,6296.7900390625
^GSPC,2025-07-21,6304.740234375,6336.080078125,6303.7900390625,6305.60009765625,5010840000,6305.60009765625
^GSPC,2025-07-22,6306.60009765625,6316.1201171875,6281.7099609375,6309.6201171875,5662040000,6309.6201171875
^GSPC,2025-07-23,6326.89990234375,6360.64013671875,6317.490234375,6358.91015625,5642510000,6358.91015625
^GSPC,2025-07-24,6368.60009765625,6381.31005859375,6360.56982421875,6363.35009765625,5282720000,6363.35009765625
^GSPC,2025-07-25,6370.009765625,6395.81982421875,6368.52978515625,6388.64013671875,4470720000,6388.64013671875
^GSPC,2025-07-28,6397.68994140625,6401.06982421875,6375.7900390625,6389.77001953125,4565620000,6389.77001953125
^GSPC,2025-07-29,6405.6201171875,6409.259765625,6363.919921875,6370.85986328125,5076120000,6370.85986328125
^GSPC,2025-07-30,6381.22998046875,6396.5400390625,6336.3798828125,6362.89990234375,5375070000,6362.89990234375
^GSPC,2025-07-31,6427.02001953125,6427.02001953125,6327.64013671875,6339.39013671875,6077080000,6339.39013671875
^GSPC,2025-08-01,6287.27978515625,6287.27978515625,6212.68994140625,6238.009765625,5827150000,6238.009765625
^GSPC,2025-08-04,6271.7099609375,6330.68994140625,6271.7099609375,6329.93994140625,4842580000,6329.93994140625
^GSPC,2025-08-05,6336.6298828125,6346,6289.3701171875,6299.18994140625,5517410000,6299.18994140625
^GSPC,2025-08-06,6309.2998046875,6352.830078125,6301.10986328125,6345.06005859375,5408560000,6345.06005859375
^GSPC,2025-08-07,6374.31982421875,6389.7099609375,6310.31982421875,6340,5306090000,6340
^GSPC,2025-08-08,6355.22021484375,6395.16015625,6355.22021484375,6389.4501953125,4769910000,6389.4501953125
^GSPC,2025-08-11,6389.669921875,6407.25,6364.06005859375,6373.4501953125,4652400000,6373.4501953125
^GSPC,2025-08-12,6395.169921875,6446.5498046875,6385.759765625,6445.759765625,5135300000,6445.759765625
^GSPC,2025-08-13,6462.669921875,6480.27978515625,6445.02001953125,6466.580078125,5195950000,6466.580078125
^GSPC,2025-08-14,6453.4599609375,6473.919921875,6441.06982421875,6468.5400390625,4462050000,6468.5400390625
^GSPC,2025-08-15,6477.3798828125,6481.33984375,6441.85009765625,6449.7998046875,4575060000,6449.7998046875
^GSPC,2025-08-18,6445.02001953125,6455.35009765625,6437.7001953125,6449.14990234375,4162290000,6449.14990234375
^GSPC,2025-08-19,6446.240234375,6456.47998046875,6400.22021484375,6411.3701171875,4377440000,6411.3701171875
^GSPC,2025-08-20,6406.6201171875,6408.39990234375,6343.85986328125,6395.77978515625,4470390000,6395.77978515625
^GSPC,2025-08-21,6380.830078125,6393.64990234375,6352.7099609375,6370.169921875,4013560000,6370.169921875
^GSPC,2025-08-22,6384.58984375,6478.89013671875,6384.58984375,6466.91015625,5046860000,6466.91015625
^GSPC,2025-08-25,6457.669921875,6466.89013671875,6438.06005859375,6439.31982421875,4059070000,6439.31982421875
^GSPC,2025-08-26,6435.490234375,6468.3701171875,6429.2099609375,6465.93994140625,4867680000,6465.93994140625
^GSPC,2025-08-27,6462.259765625,6487.06005859375,6457.83984375,6481.39990234375,4143680000,6481.39990234375
^GSPC,2025-08-28,6483.83984375,6508.22998046875,6466.9599609375,6501.85986328125,4283760000,6501.85986328125
^GSPC,2025-08-29,6489.27978515625,6491.759765625,6444.56982421875,6460.259765625,4234840000,6460.259765625
^GSPC,2025-09-02,6401.509765625,6416.5400390625,6360.580078125,6415.5400390625,4784000000,6415.5400390625
^GSPC,2025-09-03,6445.81982421875,6453.669921875,6416.169921875,6448.259765625,4465360000,6448.259765625
^GSPC,2025-09-04,6456.60009765625,6502.5400390625,6445.97998046875,6502.080078125,4670770000,6502.080078125
^GSPC,2025-09-05,6529.080078125,6532.64990234375,6443.97998046875,6481.5,5066120000,6481.5
^GSPC,2025-09-08,6498.08984375,6508.669921875,6483.2900390625,6495.14990234375,5211500000,6495.14990234375
^GSPC,2025-09-09,6503.330078125,6518.22998046875,6483.080078125,6512.60986328125,4798350000,6512.60986328125
^GSPC,2025-09-10,6550.2900390625,6555.97021484375,6516.33984375,6532.0400390625,5253010000,6532.0400390625
^GSPC,2025-09-11,6554.41015625,6592.89013671875,6545.7998046875,6587.47021484375,5426460000,6587.47021484375
^GSPC,2025-09-12,6590.66015625,6600.2099609375,6579.490234375,6584.2900390625,4641640000,6584.2900390625
^GSPC,2025-09-15,6603.490234375,6619.6201171875,6602.06982421875,6615.27978515625,5045020000,6615.27978515625
^GSPC,2025-09-16,6624.1298828125,6626.990234375,6600.10986328125,6606.759765625,5359510000,6606.759765625
^GSPC,2025-09-17,6604.8701171875,6624.39013671875,6551.14990234375,6600.35009765625,5805340000,6600.35009765625
^GSPC,2025-09-18,6626.85009765625,6656.7998046875,6611.89013671875,6631.9599609375,5292400000,6631.9599609375
^GSPC,2025-09-19,6647.10986328125,6671.81982421875,6630.31005859375,6664.35986328125,9125960000,6664.35986328125
^GSPC,2025-09-22,6654.27978515625,6698.8798828125,6648.06982421875,6693.75,5642620000,6693.75
^GSPC,2025-09-23,6692.43994140625,6699.52001953125,6645.580078125,6656.919921875,5633620000,6656.919921875
^GSPC,2025-09-24,6669.7900390625,6672.66015625,6621.759765625,6637.97021484375,5459180000,6637.97021484375
^GSPC,2025-09-25,6608.18994140625,6619,6569.22021484375,6604.72021484375,5874670000,6604.72021484375
^GSPC,2025-09-26,6615.3798828125,6648.97021484375,6604.43017578125,6643.7001953125,5103110000,6643.7001953125
^GSPC,2025-09-29,6661.580078125,6677.31005859375,6644.490234375,6661.2099609375,5358760000,6661.2099609375
^GSPC,2025-09-30,6656.18994140625,6691.25,6641,6688.4599609375,6057210000,6688.4599609375
^GSPC,2025-10-01,6664.919921875,6718.47998046875,6656.2001953125,6711.2001953125,6037950000,6711.2001953125
^GSPC,2025-10-02,6731.31005859375,6731.93994140625,6693.22998046875,6715.35009765625,5416130000,6715.35009765625
^GSPC,2025-10-03,6722.14013671875,6750.8701171875,6705.669921875,6715.7900390625,5713110000,6715.7900390625
^GSPC,2025-10-06,6733.85986328125,6749.52001953125,6717.77978515625,6740.27978515625,5604460000,6740.27978515625
^GSPC,2025-10-07,6746.14013671875,6754.490234375,6699.9599609375,6714.58984375,5546150000,6714.58984375
^GSPC,2025-10-08,6723.8701171875,6755.64013671875,6718.08984375,6753.72021484375,5383130000,6753.72021484375
^GSPC,2025-10-09,6760.5,6764.580078125,6716.169921875,6735.10986328125,5385020000,6735.10986328125
^GSPC,2025-10-10,6740.490234375,6762.39990234375,6550.77978515625,6552.509765625,6596610000,6552.509765625
^GSPC,2025-10-13,6622.52978515625,6668.68017578125,6620.7099609375,6654.72021484375,5303960000,6654.72021484375
^GSPC,2025-10-14,6602.490234375,6680.7001953125,6555.06982421875,6644.31005859375,5666920000,6644.31005859375
^GSPC,2025-10-15,6688.27001953125,6724.1201171875,6612.10986328125,6671.06005859375,5633060000,6671.06005859375
^GSPC,2025-10-16,6689.02001953125,6709.33984375,6593.990234375,6629.06982421875,6048180000,6629.06982421875
^GSPC,2025-10-17,6613.27001953125,6678.8798828125,6603.759765625,6664.009765625,5358120000,6664.009765625
^GSPC,2025-10-20,6690.0498046875,6744.35009765625,6690.0498046875,6735.1298828125,4672170000,6735.1298828125
^GSPC,2025-10-21,6736.75,6752.16015625,6722.02978515625,6735.35009765625,5245020000,6735.35009765625
^GSPC,2025-10-22,6741.33984375,6741.75,6655.68994140625,6699.39990234375,5710010000,6699.39990234375
^GSPC,2025-10-23,6703.64990234375,6749.52978515625,6700.14013671875,6738.43994140625,5565750000,6738.43994140625
^GSPC,2025-10-24,6772.06982421875,6807.10986328125,6772.06982421875,6791.68994140625,5058220000,6791.68994140625
^GSPC,2025-10-27,6845.4599609375,6877.27978515625,6843.93994140625,6875.16015625,5290650000,6875.16015625
^GSPC,2025-10-28,6897.740234375,6911.2998046875,6870.72998046875,6890.89013671875,5695930000,6890.89013671875
^GSPC,2025-10-29,6910.9501953125,6920.33984375,6851.91015625,6890.58984375,6280130000,6890.58984375
^GSPC,2025-10-30,6860.5,6880.75,6820.68994140625,6822.33984375,6052700000,6822.33984375
^GSPC,2025-10-31,6879.169921875,6879.169921875,6814.259765625,6840.2001953125,6398280000,6840.2001953125
^GSPC,2025-11-03,6882.31982421875,6882.31982421875,6820.6201171875,6851.97021484375,6065720000,6851.97021484375
^GSPC,2025-11-04,6788.52001953125,6820.2099609375,6766.7099609375,6771.5498046875,5739510000,6771.5498046875
^GSPC,2025-11-05,6769.77001953125,6829.77978515625,6763.10986328125,6796.2900390625,5939600000,6796.2900390625
^GSPC,2025-11-06,6787.58984375,6796.68017578125,6707.509765625,6720.31982421875,6051900000,6720.31982421875
^GSPC,2025-11-07,6696.18017578125,6730.10986328125,6631.43994140625,6728.7998046875,5926070000,6728.7998046875
^GSPC,2025-11-10,6785.35986328125,6841.31982421875,6770.56005859375,6832.43017578125,5366050000,6832.43017578125
^GSPC,2025-11-11,6815.64013671875,6855.1298828125,6806.8701171875,6846.60986328125,4983490000,6846.60986328125
^GSPC,2025-11-12,6867.77001953125,6869.91015625,6829.6201171875,6850.919921875,5293610000,6850.919921875
^GSPC,2025-11-13,6826.47021484375,6828.0498046875,6724.72021484375,6737.490234375,5473720000,6737.490234375
^GSPC,2025-11-14,6672.14013671875,6774.31005859375,6646.8701171875,6734.10986328125,5042660000,6734.10986328125
^GSPC,2025-11-17,6713.60986328125,6754.5,6638.89990234375,6672.41015625,5204220000,6672.41015625
^GSPC,2025-11-18,6641.18994140625,6666.6298828125,6574.31982421875,6617.31982421875,5159390000,6617.31982421875
^GSPC,2025-11-19,6625.83984375,6689.75,6603.5,6642.16015625,5021610000,6642.16015625
^GSPC,2025-11-20,6737.93017578125,6770.35009765625,6534.0498046875,6538.759765625,5596080000,6538.759765625
^GSPC,2025-11-21,6555.77001953125,6660.0498046875,6521.919921875,6602.990234375,5929930000,6602.990234375
^GSPC,2025-11-24,6636.5400390625,6715.75,6630.7001953125,6705.1201171875,6039740000,6705.1201171875
^GSPC,2025-11-25,6697.02978515625,6776.39990234375,6659.97998046875,6765.8798828125,5003330000,6765.8798828125
^GSPC,2025-11-26,6793.5498046875,6831.43994140625,6783.8701171875,6812.60986328125,4485000000,6812.60986328125
^GSPC,2025-11-28,6822.52001953125,6850.85986328125,6819.75,6849.08984375,2558540000,6849.08984375
^GSPC,2025-12-01,6812.2998046875,6843.64990234375,6799.93994140625,6812.6298828125,4549370000,6812.6298828125
^GSPC,2025-12-02,6830.9599609375,6851.5498046875,6806.7099609375,6829.3701171875,4582290000,6829.3701171875
^GSPC,2025-12-03,6815.2900390625,6862.419921875,6810.43017578125,6849.72021484375,4736780000,6849.72021484375
^GSPC,2025-12-04,6866.47021484375,6866.47021484375,6827.1201171875,6857.1201171875,4872440000,6857.1201171875
^GSPC,2025-12-05,6866.31982421875,6895.77978515625,6858.2900390625,6870.39990234375,4944560000,6870.39990234375
^GSPC,2025-12-08,6875.2001953125,6878.27001953125,6827.18994140625,6846.509765625,4757130000,6846.509765625
^GSPC,2025-12-09,6840.60986328125,6864.919921875,6837.43017578125,6840.509765625,4508050000,6840.509765625
^GSPC,2025-12-10,6833.490234375,6900.669921875,6824.68994140625,6886.68017578125,5526570000,6886.68017578125
^GSPC,2025-12-11,6861.2998046875,6903.4599609375,6833.4501953125,6901,5021060000,6901
^GSPC,2025-12-12,6886.85009765625,6899.85009765625,6801.7900390625,6827.41015625,4910160000,6827.41015625
^GSPC,2025-12-15,6860.18994140625,6861.58984375,6801.490234375,6816.509765625,4975600000,6816.509765625
^GSPC,2025-12-16,6800.1201171875,6819.27001953125,6759.740234375,6800.259765625,4983180000,6800.259765625
^GSPC,2025-12-17,6802.8798828125,6812.259765625,6720.43017578125,6721.43017578125,5122120000,6721.43017578125
^GSPC,2025-12-18,6778.06005859375,6816.1298828125,6758.5,6774.759765625,5101190000,6774.759765625
^GSPC,2025-12-19,6792.6201171875,6840.02001953125,6792.6201171875,6834.5,8554470000,6834.5
^GSPC,2025-12-22,6865.2099609375,6882.02978515625,6855.740234375,6878.490234375,4465030000,6878.490234375
^GSPC,2025-12-23,6872.41015625,6910.8798828125,6868.81005859375,6909.7900390625,3820560000,6909.7900390625
^GSPC,2025-12-24,6904.91015625,6937.31982421875,6904.91015625,6932.0498046875,1798270000,6932.0498046875
^GSPC,2025-12-26,6936.02001953125,6945.77001953125,6921.60009765625,6929.93994140625,2586550000,6929.93994140625
^GSPC,2025-12-29,6903.60009765625,6920.2099609375,6888.759765625,6905.740234375,3541750000,6905.740234375
^GSPC,2025-12-30,6900.43994140625,6913.25,6893.47021484375,6896.240234375,3309930000,6896.240234375
^GSPC,2025-12-31,6898.81982421875,6901.419921875,6844.5498046875,6845.5,3261830000,6845.5
^GSPC,2026-01-02,6878.10986328125,6894.8701171875,6824.31005859375,6858.47021484375,4184120000,6858.47021484375
^GSPC,2026-01-05,6892.18994140625,6920.3798828125,6891.56005859375,6902.0498046875,5771930000,6902.0498046875
^GSPC,2026-01-06,6908.02978515625,6948.68994140625,6904.02001953125,6944.81982421875,5509680000,6944.81982421875
^GSPC,2026-01-07,6945.06982421875,6965.68994140625,6919.18994140625,6920.93017578125,5214480000,6920.93017578125
^GSPC,2026-01-08,6914.10986328125,6931.27978515625,6899.330078125,6921.4599609375,5333200000,6921.4599609375
^GSPC,2026-01-09,6927.830078125,6978.35986328125,6917.64013671875,6966.27978515625,5163900000,6966.27978515625
^GSPC,2026-01-12,6944.1201171875,6986.330078125,6934.06982421875,6977.27001953125,5019040000,6977.27001953125
^GSPC,2026-01-13,6977.41015625,6985.830078125,6938.77001953125,6963.740234375,5091730000,6963.740234375
^GSPC,2026-01-14,6937.41015625,6941.2998046875,6885.740234375,6926.60009765625,5530830000,6926.60009765625
^GSPC,2026-01-15,6969.4599609375,6979.33984375,6937.93017578125,6944.47021484375,5114050000,6944.47021484375
^GSPC,2026-01-16,6960.5400390625,6967.2998046875,6925.08984375,6940.009765625,5356550000,6940.009765625
^GSPC,2026-01-20,6865.240234375,6871.169921875,6789.0498046875,6796.85986328125,5769500000,6796.85986328125
^GSPC,2026-01-21,6810.7099609375,6910.39013671875,6804.9599609375,6875.6201171875,5835520000,6875.6201171875
^GSPC,2026-01-22,6914.43994140625,6934.75,6893.6201171875,6913.35009765625,5307580000,6913.35009765625
^GSPC,2026-01-23,6907.85009765625,6932.9599609375,6895.5,6915.60986328125,4871930000,6915.60986328125
^GSPC,2026-01-26,6923.22998046875,6964.66015625,6921.60009765625,6950.22998046875,4968050000,6950.22998046875
^GSPC,2026-01-27,6965.9599609375,6988.81982421875,6958.830078125,6978.60009765625,5331720000,6978.60009765625
^GSPC,2026-01-28,7002,7002.27978515625,6963.4599609375,6978.02978515625,5507670000,6978.02978515625
^GSPC,2026-01-29,6977.740234375,6992.83984375,6870.7998046875,6969.009765625,6877780000,6969.009765625
^GSPC,2026-01-30,6947.27001953125,6964.08984375,6893.47998046875,6939.02978515625,6697340000,6939.02978515625
^GSPC,2026-02-02,6916.64013671875,6991.919921875,6914.33984375,6976.43994140625,5772050000,6976.43994140625
^GSPC,2026-02-03,6985.4501953125,6993.080078125,6862.0498046875,6917.81005859375,7017660000,6917.81005859375
^GSPC,2026-02-04,6924.5,6936.08984375,6838.7998046875,6882.72021484375,7475750000,6882.72021484375
^GSPC,2026-02-05,6837.39013671875,6857.85009765625,6780.1298828125,6798.39990234375,6989120000,6798.39990234375
^GSPC,2026-02-06,6816.740234375,6944.89013671875,6816.740234375,6932.2998046875,6283680000,6932.2998046875
^GSPC,2026-02-09,6917.259765625,6980.10009765625,6905.8701171875,6964.81982421875,5650260000,6964.81982421875
^GSPC,2026-02-10,6974.490234375,6986.830078125,6937.52978515625,6941.81005859375,5595950000,6941.81005859375
^GSPC,2026-02-11,6976.47998046875,6993.47998046875,6911.97021484375,6941.47021484375,6175510000,6941.47021484375
^GSPC,2026-02-12,6957.5400390625,6973.22021484375,6824.0400390625,6832.759765625,7118700000,6832.759765625
^GSPC,2026-02-13,6834.27001953125,6881.9599609375,6794.5498046875,6836.169921875,5718360000,6836.169921875
^GSPC,2026-02-17,6819.85986328125,6866.990234375,6775.5,6843.22021484375,5418480000,6843.22021484375
^GSPC,2026-02-18,6855.47998046875,6909.1201171875,6849.66015625,6881.31005859375,5098160000,6881.31005859375
^GSPC,2026-02-19,6861.33984375,6879.1201171875,6833.06005859375,6861.89013671875,5151690000,6861.89013671875
^GSPC,2026-02-20,6843.259765625,6915.85986328125,6836.330078125,6909.509765625,5432480000,6909.509765625
^GSPC,2026-02-23,6901.25,6916.9599609375,6819.81982421875,6837.75,5638350000,6837.75
^GSPC,2026-02-24,6837.3701171875,6899.169921875,6815.43017578125,6890.06982421875,5266090000,6890.06982421875
^GSPC,2026-02-25,6915.14990234375,6952.509765625,6915.14990234375,6946.1298828125,5328060000,6946.1298828125
^GSPC,2026-02-26,6944.740234375,6947.25,6859.72998046875,6908.85986328125,5889550000,6908.85986328125
^GSPC,2026-02-27,6856.5400390625,6882.9599609375,6831.740234375,6878.8798828125,6665660000,6878.8798828125
^GSPC,2026-03-02,6824.35986328125,6901.009765625,6796.85009765625,6881.6201171875,6079080000,6881.6201171875
^GSPC,2026-03-03,6800.259765625,6840.0498046875,6710.419921875,6816.6298828125,6442080000,6816.6298828125
^GSPC,2026-03-04,6831.68994140625,6885.93994140625,6811.64013671875,6869.5,5252170000,6869.5
^GSPC,2026-03-05,6851.080078125,6870.43017578125,6770.77978515625,6830.7099609375,5989300000,6830.7099609375
^GSPC,2026-03-06,6769.02978515625,6773.419921875,6711.56005859375,6740.02001953125,5793120000,6740.02001953125
^GSPC,2026-03-09,6699.7998046875,6810.43994140625,6636.0400390625,6795.990234375,6709410000,6795.990234375
^GSPC,2026-03-10,6796.56005859375,6845.080078125,6759.740234375,6781.47998046875,5944950000,6781.47998046875
^GSPC,2026-03-11,6790.08984375,6811.14990234375,6745.58984375,6775.7998046875,5511090000,6775.7998046875
^GSPC,2026-03-12,6740.8798828125,6740.8798828125,6670.39990234375,6672.6201171875,6292170000,6672.6201171875
^GSPC,2026-03-13,6673.490234375,6733.2998046875,6623.919921875,6632.18994140625,5337120000,6632.18994140625
^GSPC,2026-03-16,6674.3701171875,6729.7900390625,6674.3701171875,6699.3798828125,5176290000,6699.3798828125
^GSPC,2026-03-17,6722.35009765625,6754.2998046875,6710.7998046875,6716.08984375,5063390000,6716.08984375
^GSPC,2026-03-18,6697.16015625,6705.18017578125,6621.66015625,6624.7001953125,5275480000,6624.7001953125
^GSPC,2026-03-19,6583.1201171875,6636.740234375,6557.81982421875,6606.490234375,5973390000,6606.490234375
^GSPC,2026-03-20,6594.66015625,6594.66015625,6473.52001953125,6506.47998046875,10025820000,6506.47998046875
^GSPC,2026-03-23,6574.9599609375,6651.6201171875,6565.5498046875,6581,6020650000,6581
^GSPC,2026-03-24,6552.08984375,6595.75,6525.10986328125,6556.3701171875,5278580000,6556.3701171875
^GSPC,2026-03-25,6598.35009765625,6633.93994140625,6568.41015625,6591.89990234375,4936720000,6591.89990234375
^GSPC,2026-03-26,6555.85986328125,6573.22021484375,6473.7900390625,6477.16015625,4845560000,6477.16015625
^GSPC,2026-03-27,6453.89013671875,6453.89013671875,6356.080078125,6368.85009765625,5303490000,6368.85009765625
^GSPC,2026-03-30,6403.3701171875,6427.31005859375,6316.91015625,6343.72021484375,5458640000,6343.72021484375
^GSPC,2026-03-31,6395.8798828125,6539.0498046875,6395.8798828125,6528.52001953125,6396100000,6528.52001953125
^GSPC,2026-04-01,6556.56005859375,6609.669921875,6554.2900390625,6575.31982421875,5637260000,6575.31982421875
^GSPC,2026-04-02,6512.60986328125,6601.91015625,6474.93994140625,6582.68994140625,4740740000,6582.68994140625
^GSPC,2026-04-06,6587.66015625,6618.1298828125,6579.72021484375,6611.830078125,3906440000,6611.830078125
^GSPC,2026-04-07,6601.93017578125,6618.259765625,6534.5498046875,6616.85009765625,4555680000,6616.85009765625
^GSPC,2026-04-08,6754.35986328125,6793.5,6740.27978515625,6782.81005859375,5904880000,6782.81005859375
^GSPC,2026-04-09,6783.68994140625,6835.31005859375,6761.5498046875,6824.66015625,4912410000,6824.66015625
^GSPC,2026-04-10,6839.240234375,6845.77001953125,6808.4599609375,6816.89013671875,4393220000,6816.89013671875
^GSPC,2026-04-13,6806.47021484375,6887,6790.02001953125,6886.240234375,4785840000,6886.240234375
^GSPC,2026-04-14,6910.2001953125,6969.419921875,6905.169921875,6967.3798828125,5032380000,6967.3798828125
^GSPC,2026-04-15,6978.169921875,7026.240234375,6967.1298828125,7022.9501953125,5278610000,7022.9501953125
^GSPC,2026-04-16,7037.77978515625,7051.22998046875,7008.52001953125,7041.27978515625,5173650000,7041.27978515625
^GSPC,2026-04-17,7074.5498046875,7147.52001953125,7074.5498046875,7126.06005859375,6145300000,7126.06005859375
^GSPC,2026-04-20,7117.0498046875,7122.64990234375,7084.41015625,7109.14013671875,4661130000,7109.14013671875
^GSPC,2026-04-21,7122.64013671875,7137.27001953125,7050.2001953125,7064.009765625,5160270000,7064.009765625
^GSPC,2026-04-22,7102.91015625,7138.64013671875,7102.91015625,7137.89990234375,4919460000,7137.89990234375
^GSPC,2026-04-23,7118.7998046875,7147.77978515625,7046.5498046875,7108.39990234375,5307260000,7108.39990234375
^GSPC,2026-04-24,7136.47998046875,7168.58984375,7112.81982421875,7165.080078125,4608830000,7165.080078125
^GSPC,2026-04-27,7152.72021484375,7178.740234375,7146.72021484375,7173.91015625,4783750000,7173.91015625
^GSPC,2026-04-28,7133.740234375,7152.52001953125,7115.169921875,7138.7998046875,4900650000,7138.7998046875
^GSPC,2026-04-29,7131.60986328125,7145.6298828125,7107.85986328125,7135.9501953125,5123100000,7135.9501953125
^GSPC,2026-04-30,7161.75,7219.830078125,7126.14990234375,7209.009765625,5723790000,7209.009765625
^GSPC,2026-05-01,7234.5400390625,7272.52001953125,7229.31982421875,7230.1201171875,4847390000,7230.1201171875
^GSPC,2026-05-04,7228.3798828125,7244.5400390625,7174.1201171875,7200.75,5215480000,7200.75
^GSPC,2026-05-05,7233.6201171875,7273.259765625,7233.6201171875,7259.22021484375,5279760000,7259.22021484375
^GSPC,2026-05-06,7294.14013671875,7369.22021484375,7294.14013671875,7365.1201171875,6579640000,7365.1201171875
^GSPC,2026-05-07,7376.77978515625,7385.02001953125,7321.25,7337.10986328125,6237040000,7337.10986328125
^GSPC,2026-05-08,7362.97021484375,7401.5,7362.97021484375,7398.93017578125,5302740000,7398.93017578125
^GSPC,2026-05-11,7385.31005859375,7428.97021484375,7384.2001953125,7412.83984375,5821910000,7412.83984375
^GSPC,2026-05-12,7390.6298828125,7409.56982421875,7338.5400390625,7400.9599609375,5624790000,7400.9599609375
^GSPC,2026-05-13,7409.1201171875,7460.0400390625,7375.1298828125,7444.25,5716600000,7444.25
^GSPC,2026-05-14,7454.39990234375,7517.1201171875,7454.39990234375,7501.240234375,5267050000,7501.240234375
^GSPC,2026-05-15,7445.10986328125,7454.85009765625,7397.5,7408.5,5582070000,7408.5
^GSPC,2026-05-18,7415.06982421875,7434.06005859375,7353.169921875,7403.0498046875,5489500000,7403.0498046875
^GSPC,2026-05-19,7375.75,7395.31982421875,7333.68017578125,7353.60986328125,5441140000,7353.60986328125
^GSPC,2026-05-20,7369.18994140625,7435.68994140625,7357.4599609375,7432.97021484375,5384150000,7432.97021484375
^GSPC,2026-05-21,7410.77978515625,7465.9599609375,7389.47998046875,7445.72021484375,5440620000,7445.72021484375
^GSPC,2026-05-22,7468.81982421875,7506.31982421875,7463.2900390625,7473.47021484375,4952440000,7473.47021484375
^GSPC,2026-05-26,7511.7900390625,7539.08984375,7501.10009765625,7519.1201171875,5496060000,7519.1201171875
^GSPC,2026-05-27,7526.009765625,7530.72021484375,7499.72021484375,7520.35986328125,5524250000,7520.35986328125
^GSPC,2026-05-28,7519.81982421875,7568.72021484375,7508.0400390625,7563.6298828125,5494860000,7563.6298828125
^GSPC,2026-05-29,7579.330078125,7599.3798828125,7563.5498046875,7580.06005859375,7858290000,7580.06005859375
^GSPC,2026-06-01,7582.2900390625,7617.66015625,7562.60986328125,7599.9599609375,6583960000,7599.9599609375
^GSPC,2026-06-02,7595.39990234375,7620.89990234375,7582.990234375,7609.77978515625,5904410000,7609.77978515625
^GSPC,2026-06-03,7605.31005859375,7605.35009765625,7551.22021484375,7553.68017578125,5753860000,7553.68017578125
^GSPC,2026-06-04,7516.5400390625,7598.18994140625,7516.5400390625,7584.31005859375,5398910000,7584.31005859375
^GSPC,2026-06-05,7537.35986328125,7541.81005859375,7368.6298828125,7383.740234375,5591290000,7383.740234375
^GSPC,2026-06-08,7440.56982421875,7466.81005859375,7395.1298828125,7405.72998046875,4898180000,7405.72998046875
^GSPC,2026-06-09,7438.66015625,7483.14990234375,7237.85009765625,7386.64990234375,6006390000,7386.64990234375
^GSPC,2026-06-10,7350.5400390625,7396.56005859375,7265.93017578125,7266.990234375,5247300000,7266.990234375
^GSPC,2026-06-11,7287.669921875,7412.68017578125,7257.330078125,7394.2998046875,5658920000,7394.2998046875
^GSPC,2026-06-12,7410.85009765625,7456.39990234375,7363.009765625,7431.4599609375,4950530000,7431.4599609375
^GSPC,2026-06-15,7516.75,7577.919921875,7516.75,7554.2900390625,5674670000,7554.2900390625
^GSPC,2026-06-16,7548.77978515625,7564.9599609375,7508.68017578125,7511.35009765625,5286210000,7511.35009765625
^GSPC,2026-06-17,7524.5,7532.169921875,7402.60986328125,7420.10009765625,5883740000,7420.10009765625
^GSPC,2026-06-18,7487.35986328125,7511.06982421875,7468.31982421875,7500.580078125,9061110000,7500.580078125
^GSPC,2026-06-22,7500.43994140625,7530.009765625,7460.009765625,7472.7900390625,5976740000,7472.7900390625
^GSPC,2026-06-23,7366.509765625,7424.169921875,7347.60009765625,7365.4599609375,5640530000,7365.4599609375
^GSPC,2026-06-24,7370.8798828125,7428.06005859375,7336.81982421875,7358.22021484375,5994860000,7358.22021484375
^GSPC,2026-06-25,7404.91015625,7419.080078125,7323.5,7357.490234375,5565760000,7357.490234375
^GSPC,2026-06-26,7312.740234375,7392.9501953125,7294.18017578125,7354.02001953125,9105600000,7354.02001953125
^GSPC,2026-06-29,7391.8798828125,7444.31982421875,7348.8798828125,7440.43017578125,5794570000,7440.43017578125
^GSPC,2026-06-30,7441.27001953125,7508.2900390625,7438.0400390625,7499.35986328125,6037540000,7499.35986328125
^GSPC,2026-07-01,7478.83984375,7521.81005859375,7449.6298828125,7483.22998046875,5782730000,7483.22998046875
^GSPC,2026-07-02,7495.14013671875,7540.75,7427.5498046875,7483.240234375,5463520000,7483.240234375
^GSPC,2026-07-06,7506.9599609375,7551.31005859375,7500.97021484375,7537.43017578125,4971110000,7537.43017578125
^GSPC,2026-07-07,7516.6298828125,7536.06005859375,7478.6298828125,7503.85009765625,5049590000,7503.85009765625
^GSPC,2026-07-08,7476.5400390625,7488.509765625,7421.81982421875,7482.7099609375,5102020000,7482.7099609375
^GSPC,2026-07-09,7491.60009765625,7546.89013671875,7481.72998046875,7543.64013671875,4442950000,7543.64013671875
^GSPC,2026-07-10,7547.64013671875,7579.93017578125,7508.16015625,7575.39013671875,4006370000,7575.39013671875
^GSPC,2026-07-13,7547.52978515625,7565.3701171875,7506.41015625,7515.33984375,4729990000,7515.33984375
^GSPC,2026-07-14,7536.7001953125,7557.43994140625,7513.22998046875,7543.58984375,4836950000,7543.58984375
^GSPC,2026-07-15,7571.72021484375,7581.5,7526.9501953125,7572.39990234375,5236550000,7572.39990234375
^GSPC,2026-07-16,7558.7998046875,7570.740234375,7504.02001953125,7533.77001953125,5365300000,7533.77001953125
^GSPC,2026-07-17,7447.52001953125,7498.47021484375,7431.259765625,7457.68994140625,5303290000,7457.68994140625
^GSPC,2026-07-20,7489.18017578125,7513.22998046875,7440.52978515625,7443.27978515625,5152910000,7443.27978515625
^GSPC,2026-07-21,7489.9501953125,7515.31005859375,7467.85986328125,7509.2001953125,5149030000,7509.2001953125
^GSPC,2026-07-22,7497.47021484375,7525.93994140625,7485.85009765625,7498.9599609375,4890390000,7498.9599609375
^GSPC,2026-07-23,7418.2900390625,7450.1201171875,7376,7408.2998046875,5515210000,7408.2998046875
^GSPC,2026-07-24,7406.2998046875,7460.97998046875,7396.52978515625,7411.97998046875,4860620000,7411.97998046875
^GSPC,2026-07-27,7464.2001953125,7480.56982421875,7382.740234375,7413.18017578125,5038290000,7413.18017578125
^GSPC,2026-07-28,7395.5498046875,7452.08984375,7382.9501953125,7428.77978515625,5590890000,7428.77978515625
^GSPC,2026-07-29,7418.16015625,7450.83984375,7313.919921875,7316.14990234375,5836350000,7316.14990234375
^GSPC,2026-07-30,7390.4501953125,7448.75,7370.97998046875,7437.6298828125,5594430000,7437.6298828125
^GSPC,2026-07-31,7462.1298828125,7512.0400390625,7399.830078125,7489.72021484375,5391020000,7489.72021484375
^GSPC,2026-08-03,7504.77978515625,7610.0400390625,7504.77978515625,7600.5,5201470000,7600.5
^GSPC,2026-08-04,7630.6201171875,7758.2099609375,7629.10009765625,7736.52001953125,5906940000,7736.52001953125
^GSPC,2026-08-05,7771.6201171875,7793.68017578125,7720.169921875,7723.5498046875,5615640000,7723.5498046875
^GSPC,2026-08-06,7713.7900390625,7742.85009765625,7698.14990234375,7709.9599609375,5330830000,7709.9599609375
^GSPC,2026-08-07,7735.18017578125,7763.080078125,7719.18994140625,7757.64013671875,5019970000,7757.64013671875
^GSPC,2026-08-10,7751.740234375,7773.759765625,7743.10986328125,7753.10986328125,4879540000,7753.10986328125
^GSPC,2026-08-11,7767.509765625,7767.509765625,7717.25,7728.2001953125,4739500000,7728.2001953125
^GSPC,2026-08-12,7765.4599609375,7766.009765625,7737.9501953125,7748.5,4574170000,7748.5
^GSPC,2026-08-13,7763.18017578125,7816.7001953125,7763.18017578125,7798.990234375,4833230000,7798.990234375
^GSPC,2026-08-14,7806.60009765625,7810.009765625,7776.31005859375,7785.759765625,4159900000,7785.759765625
^GSPC,2026-08-17,7790.68017578125,7790.68017578125,7744.8798828125,7745.06005859375,4452630000,7745.06005859375
^GSPC,2026-08-18,7700.0400390625,7713.9501953125,7688.6298828125,7691.759765625,4602700000,7691.759765625
^GSPC,2026-08-19,7716.740234375,7743.93017578125,7700.06982421875,7707.97998046875,5184100000,7707.97998046875
^GSPC,2026-08-20,7690.490234375,7699.9599609375,7639.009765625,7641.16015625,4759610000,7641.16015625
^GSPC,2026-08-21,7665.68017578125,7697.10986328125,7660.06005859375,7674.3701171875,4497270000,7674.3701171875
^GSPC,2026-08-24,7663.3798828125,7670.2998046875,7638.169921875,7652.85986328125,4400800000,7652.85986328125
^GSPC,2026-08-25,7676.66015625,7686.10986328125,7650.919921875,7677.27978515625,4260240000,7677.27978515625
^GSPC,2026-08-26,7666.8798828125,7690.72998046875,7657.41015625,7675.7001953125,4100600000,7675.7001953125
^GSPC,2026-08-27,7710.33984375,7741.27001953125,7689.89013671875,7730.990234375,4362240000,7730.990234375
^GSPC,2026-08-28,NA,NA,NA,NA,NA,NA
^GSPC,2026-08-31,7697.52001953125,7697.52001953125,7665.06005859375,7686.14013671875,5386090000,7686.14013671875
^GSPC,2026-09-01,7635.47021484375,7663.6298828125,7611.2001953125,7631.47021484375,4858180000,7631.47021484375
^GSPC,2026-09-02,7634.580078125,7681.18994140625,7633.6201171875,7666.60009765625,4738910000,7666.60009765625
